Source	Revision	Code	Name
mca	199212	110000	北京市
mca	199212	110101	东城区
mca	199212	110102	西城区
mca	199212	110103	崇文区
mca	199212	110104	宣武区
mca	199212	110105	朝阳区
mca	199212	110106	丰台区
mca	199212	110107	石景山区
mca	199212	110108	海淀区
mca	199212	110109	门头沟区
mca	199212	110111	房山区
mca	199212	110221	昌平县
mca	199212	110222	顺义县
mca	199212	110223	通县
mca	199212	110224	大兴县
mca	199212	110226	平谷县
mca	199212	110227	怀柔县
mca	199212	110228	密云县
mca	199212	110229	延庆县
mca	199212	120000	天津市
mca	199212	120101	和平区
mca	199212	120102	河东区
mca	199212	120103	河西区
mca	199212	120104	南开区
mca	199212	120105	河北区
mca	199212	120106	红桥区
mca	199212	120107	塘沽区
mca	199212	120108	汉沽区
mca	199212	120109	大港区
mca	199212	120110	东丽区
mca	199212	120111	西青区
mca	199212	120112	津南区
mca	199212	120113	北辰区
mca	199212	120221	宁河县
mca	199212	120222	武清县
mca	199212	120223	静海县
mca	199212	120224	宝坻县
mca	199212	120225	蓟县
mca	199212	130000	河北省
mca	199212	130100	石家庄市
mca	199212	130102	长安区
mca	199212	130103	桥东区
mca	199212	130104	桥西区
mca	199212	130105	新华区
mca	199212	130106	郊区
mca	199212	130107	井陉矿区
mca	199212	130121	井陉县
mca	199212	130122	获鹿县
mca	199212	130123	栾城县
mca	199212	130124	正定县
mca	199212	130200	唐山市
mca	199212	130202	路南区
mca	199212	130203	路北区
mca	199212	130204	东矿区
mca	199212	130205	开平区
mca	199212	130206	新区
mca	199212	130221	丰润县
mca	199212	130222	丰南县
mca	199212	130223	滦县
mca	199212	130224	滦南县
mca	199212	130225	乐亭县
mca	199212	130226	迁安县
mca	199212	130227	迁西县
mca	199212	130229	玉田县
mca	199212	130230	唐海县
mca	199212	130300	秦皇岛市
mca	199212	130302	海港区
mca	199212	130303	山海关区
mca	199212	130304	北戴河区
mca	199212	130321	青龙满族自治县
mca	199212	130322	昌黎县
mca	199212	130323	抚宁县
mca	199212	130324	卢龙县
mca	199212	130400	邯郸市
mca	199212	130402	邯山区
mca	199212	130403	丛台区
mca	199212	130404	复兴区
mca	199212	130406	峰峰矿区
mca	199212	130421	邯郸县
mca	199212	130500	邢台市
mca	199212	130502	桥东区
mca	199212	130503	桥西区
mca	199212	130521	邢台县
mca	199212	130600	保定市
mca	199212	130602	新市区
mca	199212	130603	北市区
mca	199212	130604	南市区
mca	199212	130621	满城县
mca	199212	130622	清苑县
mca	199212	130700	张家口市
mca	199212	130702	桥东区
mca	199212	130703	桥西区
mca	199212	130705	宣化区
mca	199212	130706	下花园区
mca	199212	130721	宣化县
mca	199212	130800	承德市
mca	199212	130802	双桥区
mca	199212	130803	双滦区
mca	199212	130804	鹰手营子矿区
mca	199212	130821	承德县
mca	199212	130900	沧州市
mca	199212	130902	新华区
mca	199212	130903	运河区
mca	199212	130904	郊区
mca	199212	130921	沧县
mca	199212	130922	青县
mca	199212	131000	廊坊市
mca	199212	131002	安次区
mca	199212	131021	三河县
mca	199212	131022	固安县
mca	199212	131023	永清县
mca	199212	131024	香河县
mca	199212	131025	大城县
mca	199212	131026	文安县
mca	199212	131028	大厂回族自治县
mca	199212	132100	邯郸地区
mca	199212	132121	大名县
mca	199212	132122	魏县
mca	199212	132123	曲周县
mca	199212	132124	丘县
mca	199212	132125	鸡泽县
mca	199212	132126	肥乡县
mca	199212	132127	广平县
mca	199212	132128	成安县
mca	199212	132129	临漳县
mca	199212	132130	磁县
mca	199212	132132	涉县
mca	199212	132133	永年县
mca	199212	132135	馆陶县
mca	199212	132200	邢台地区
mca	199212	132201	南宫市
mca	199212	132202	沙河市
mca	199212	132223	临城县
mca	199212	132224	内丘县
mca	199212	132225	柏乡县
mca	199212	132226	隆尧县
mca	199212	132227	任县
mca	199212	132228	南和县
mca	199212	132229	宁晋县
mca	199212	132231	巨鹿县
mca	199212	132232	新河县
mca	199212	132233	广宗县
mca	199212	132234	平乡县
mca	199212	132235	威县
mca	199212	132236	清河县
mca	199212	132237	临西县
mca	199212	132300	石家庄地区
mca	199212	132301	辛集市
mca	199212	132302	藁城市
mca	199212	132303	晋州市
mca	199212	132304	新乐市
mca	199212	132323	深泽县
mca	199212	132324	无极县
mca	199212	132326	赵县
mca	199212	132330	高邑县
mca	199212	132331	元氏县
mca	199212	132332	赞皇县
mca	199212	132335	平山县
mca	199212	132336	灵寿县
mca	199212	132337	行唐县
mca	199212	132400	保定地区
mca	199212	132401	定州市
mca	199212	132402	涿州市
mca	199212	132403	安国市
mca	199212	132421	易县
mca	199212	132423	徐水县
mca	199212	132424	涞源县
mca	199212	132425	定兴县
mca	199212	132426	完县
mca	199212	132427	唐县
mca	199212	132428	望都县
mca	199212	132429	涞水县
mca	199212	132432	高阳县
mca	199212	132433	安新县
mca	199212	132434	雄县
mca	199212	132435	容城县
mca	199212	132436	新城县
mca	199212	132437	曲阳县
mca	199212	132438	阜平县
mca	199212	132441	博野县
mca	199212	132442	蠡县
mca	199212	132500	张家口地区
mca	199212	132521	张北县
mca	199212	132522	康保县
mca	199212	132523	沽源县
mca	199212	132524	尚义县
mca	199212	132525	蔚县
mca	199212	132526	阳原县
mca	199212	132527	怀安县
mca	199212	132528	万全县
mca	199212	132529	怀来县
mca	199212	132530	涿鹿县
mca	199212	132532	赤城县
mca	199212	132533	崇礼县
mca	199212	132600	承德地区
mca	199212	132622	宽城满族自治县
mca	199212	132623	兴隆县
mca	199212	132624	平泉县
mca	199212	132626	滦平县
mca	199212	132627	丰宁满族自治县
mca	199212	132628	隆化县
mca	199212	132629	围场满族蒙古族自治县
mca	199212	132900	沧州地区
mca	199212	132902	泊头市
mca	199212	132903	任丘市
mca	199212	132904	黄骅市
mca	199212	132905	河间市
mca	199212	132923	肃宁县
mca	199212	132924	献县
mca	199212	132926	吴桥县
mca	199212	132927	东光县
mca	199212	132928	南皮县
mca	199212	132929	盐山县
mca	199212	132931	孟村回族自治县
mca	199212	132934	海兴县
mca	199212	133000	衡水地区
mca	199212	133001	衡水市
mca	199212	133022	冀县
mca	199212	133023	枣强县
mca	199212	133024	武邑县
mca	199212	133025	深县
mca	199212	133026	武强县
mca	199212	133027	饶阳县
mca	199212	133028	安平县
mca	199212	133029	故城县
mca	199212	133030	景县
mca	199212	133031	阜城县
mca	199212	139001	武安市
mca	199212	139002	霸州市
mca	199212	139003	遵化市
mca	199212	140000	山西省
mca	199212	140100	太原市
mca	199212	140102	南城区
mca	199212	140103	北城区
mca	199212	140104	河西区
mca	199212	140112	南郊区
mca	199212	140113	北郊区
mca	199212	140121	清徐县
mca	199212	140122	阳曲县
mca	199212	140123	娄烦县
mca	199212	140200	大同市
mca	199212	140202	城区
mca	199212	140203	矿区
mca	199212	140211	南郊区
mca	199212	140212	新荣区
mca	199212	140300	阳泉市
mca	199212	140302	城区
mca	199212	140303	矿区
mca	199212	140311	郊区
mca	199212	140321	平定县
mca	199212	140322	盂县
mca	199212	140400	长治市
mca	199212	140402	城区
mca	199212	140411	郊区
mca	199212	140421	长治县
mca	199212	140422	潞城县
mca	199212	140423	襄垣县
mca	199212	140424	屯留县
mca	199212	140425	平顺县
mca	199212	140426	黎城县
mca	199212	140427	壶关县
mca	199212	140428	长子县
mca	199212	140429	武乡县
mca	199212	140430	沁县
mca	199212	140431	沁源县
mca	199212	140500	晋城市
mca	199212	140502	城区
mca	199212	140503	郊区
mca	199212	140521	沁水县
mca	199212	140522	阳城县
mca	199212	140523	高平县
mca	199212	140524	陵川县
mca	199212	140600	朔州市
mca	199212	140602	朔城区
mca	199212	140603	平鲁区
mca	199212	140621	山阴县
mca	199212	142100	雁北地区
mca	199212	142121	阳高县
mca	199212	142122	天镇县
mca	199212	142123	广灵县
mca	199212	142124	灵丘县
mca	199212	142125	浑源县
mca	199212	142126	应县
mca	199212	142130	左云县
mca	199212	142131	右玉县
mca	199212	142132	大同县
mca	199212	142133	怀仁县
mca	199212	142200	忻州地区
mca	199212	142201	忻州市
mca	199212	142222	定襄县
mca	199212	142223	五台县
mca	199212	142224	原平县
mca	199212	142225	代县
mca	199212	142226	繁峙县
mca	199212	142227	宁武县
mca	199212	142228	静乐县
mca	199212	142229	神池县
mca	199212	142230	五寨县
mca	199212	142231	岢岚县
mca	199212	142232	河曲县
mca	199212	142233	保德县
mca	199212	142234	偏关县
mca	199212	142300	吕梁地区
mca	199212	142301	孝义市
mca	199212	142321	汾阳县
mca	199212	142322	文水县
mca	199212	142323	交城县
mca	199212	142325	兴县
mca	199212	142326	临县
mca	199212	142327	柳林县
mca	199212	142328	石楼县
mca	199212	142329	岚县
mca	199212	142330	方山县
mca	199212	142331	离石县
mca	199212	142332	中阳县
mca	199212	142333	交口县
mca	199212	142400	晋中地区
mca	199212	142401	榆次市
mca	199212	142402	介休市
mca	199212	142421	榆社县
mca	199212	142422	左权县
mca	199212	142423	和顺县
mca	199212	142424	昔阳县
mca	199212	142427	寿阳县
mca	199212	142429	太谷县
mca	199212	142430	祁县
mca	199212	142431	平遥县
mca	199212	142433	灵石县
mca	199212	142600	临汾地区
mca	199212	142601	临汾市
mca	199212	142602	侯马市
mca	199212	142603	霍州市
mca	199212	142621	曲沃县
mca	199212	142622	翼城县
mca	199212	142623	襄汾县
mca	199212	142625	洪洞县
mca	199212	142627	古县
mca	199212	142628	安泽县
mca	199212	142629	浮山县
mca	199212	142630	吉县
mca	199212	142631	乡宁县
mca	199212	142632	蒲县
mca	199212	142633	大宁县
mca	199212	142634	永和县
mca	199212	142635	隰县
mca	199212	142636	汾西县
mca	199212	142700	运城地区
mca	199212	142701	运城市
mca	199212	142722	永济县
mca	199212	142723	芮城县
mca	199212	142724	临猗县
mca	199212	142725	万荣县
mca	199212	142726	新绛县
mca	199212	142727	稷山县
mca	199212	142728	河津县
mca	199212	142729	闻喜县
mca	199212	142730	夏县
mca	199212	142731	绛县
mca	199212	142732	平陆县
mca	199212	142733	垣曲县
mca	199212	149001	古交市
mca	199212	150000	内蒙古自治区
mca	199212	150100	呼和浩特市
mca	199212	150102	新城区
mca	199212	150103	回民区
mca	199212	150104	玉泉区
mca	199212	150105	郊区
mca	199212	150121	土默特左旗
mca	199212	150122	托克托县
mca	199212	150200	包头市
mca	199212	150202	东河区
mca	199212	150203	昆都仑区
mca	199212	150204	青山区
mca	199212	150205	石拐矿区
mca	199212	150206	白云矿区
mca	199212	150207	郊区
mca	199212	150221	土默特右旗
mca	199212	150222	固阳县
mca	199212	150300	乌海市
mca	199212	150302	海勃湾区
mca	199212	150303	海南区
mca	199212	150304	乌达区
mca	199212	150400	赤峰市
mca	199212	150402	红山区
mca	199212	150403	元宝山区
mca	199212	150404	郊区
mca	199212	150421	阿鲁科尔沁旗
mca	199212	150422	巴林左旗
mca	199212	150423	巴林右旗
mca	199212	150424	林西县
mca	199212	150425	克什克腾旗
mca	199212	150426	翁牛特旗
mca	199212	150428	喀喇沁旗
mca	199212	150429	宁城县
mca	199212	150430	敖汉旗
mca	199212	152100	呼伦贝尔盟
mca	199212	152101	海拉尔市
mca	199212	152102	满洲里市
mca	199212	152103	扎兰屯市
mca	199212	152104	牙克石市
mca	199212	152122	阿荣旗
mca	199212	152123	莫力达瓦达斡尔族自治旗
mca	199212	152125	额尔古纳右旗
mca	199212	152126	额尔古纳左旗
mca	199212	152127	鄂伦春自治旗
mca	199212	152128	鄂温克族自治旗
mca	199212	152129	新巴尔虎右旗
mca	199212	152130	新巴尔虎左旗
mca	199212	152131	陈巴尔虎旗
mca	199212	152200	兴安盟
mca	199212	152201	乌兰浩特市
mca	199212	152221	科尔沁右翼前旗
mca	199212	152222	科尔沁右翼中旗
mca	199212	152223	扎赉特旗
mca	199212	152224	突泉县
mca	199212	152300	哲里木盟
mca	199212	152301	通辽市
mca	199212	152302	霍林郭勒市
mca	199212	152322	科尔沁左翼中旗
mca	199212	152323	科尔沁左翼后旗
mca	199212	152324	开鲁县
mca	199212	152325	库伦旗
mca	199212	152326	奈曼旗
mca	199212	152327	扎鲁特旗
mca	199212	152500	锡林郭勒盟
mca	199212	152501	二连浩特市
mca	199212	152502	锡林浩特市
mca	199212	152522	阿巴嘎旗
mca	199212	152523	苏尼特左旗
mca	199212	152524	苏尼特右旗
mca	199212	152525	东乌珠穆沁旗
mca	199212	152526	西乌珠穆沁旗
mca	199212	152527	太仆寺旗
mca	199212	152528	镶黄旗
mca	199212	152529	正镶白旗
mca	199212	152530	正蓝旗
mca	199212	152531	多伦县
mca	199212	152600	乌兰察布盟
mca	199212	152601	集宁市
mca	199212	152602	丰镇市
mca	199212	152621	武川县
mca	199212	152622	和林格尔县
mca	199212	152623	清水河县
mca	199212	152624	卓资县
mca	199212	152625	化德县
mca	199212	152626	商都县
mca	199212	152627	兴和县
mca	199212	152629	凉城县
mca	199212	152630	察哈尔右翼前旗
mca	199212	152631	察哈尔右翼中旗
mca	199212	152632	察哈尔右翼后旗
mca	199212	152633	达尔罕茂明安联合旗
mca	199212	152634	四子王旗
mca	199212	152700	伊克昭盟
mca	199212	152701	东胜市
mca	199212	152722	达拉特旗
mca	199212	152723	准格尔旗
mca	199212	152724	鄂托克前旗
mca	199212	152725	鄂托克旗
mca	199212	152726	杭锦旗
mca	199212	152727	乌审旗
mca	199212	152728	伊金霍洛旗
mca	199212	152800	巴彦淖尔盟
mca	199212	152801	临河市
mca	199212	152822	五原县
mca	199212	152823	磴口县
mca	199212	152824	乌拉特前旗
mca	199212	152825	乌拉特中旗
mca	199212	152826	乌拉特后旗
mca	199212	152827	杭锦后旗
mca	199212	152900	阿拉善盟
mca	199212	152921	阿拉善左旗
mca	199212	152922	阿拉善右旗
mca	199212	152923	额济纳旗
mca	199212	210000	辽宁省
mca	199212	210100	沈阳市
mca	199212	210102	和平区
mca	199212	210103	沈河区
mca	199212	210104	大东区
mca	199212	210105	皇姑区
mca	199212	210106	铁西区
mca	199212	210111	苏家屯区
mca	199212	210112	东陵区
mca	199212	210113	新城子区
mca	199212	210114	于洪区
mca	199212	210121	新民县
mca	199212	210122	辽中县
mca	199212	210123	康平县
mca	199212	210124	法库县
mca	199212	210200	大连市
mca	199212	210202	中山区
mca	199212	210203	西岗区
mca	199212	210204	沙河口区
mca	199212	210211	甘井子区
mca	199212	210212	旅顺口区
mca	199212	210213	金州区
mca	199212	210224	长海县
mca	199212	210300	鞍山市
mca	199212	210302	铁东区
mca	199212	210303	铁西区
mca	199212	210304	立山区
mca	199212	210311	旧堡区
mca	199212	210321	台安县
mca	199212	210323	岫岩满族自治县
mca	199212	210400	抚顺市
mca	199212	210402	新抚区
mca	199212	210403	露天区
mca	199212	210404	望花区
mca	199212	210411	顺城区
mca	199212	210421	抚顺县
mca	199212	210422	新宾满族自治县
mca	199212	210423	清原满族自治县
mca	199212	210500	本溪市
mca	199212	210502	平山区
mca	199212	210503	溪湖区
mca	199212	210504	明山区
mca	199212	210505	南芬区
mca	199212	210521	本溪满族自治县
mca	199212	210522	桓仁满族自治县
mca	199212	210600	丹东市
mca	199212	210602	元宝区
mca	199212	210603	振兴区
mca	199212	210604	振安区
mca	199212	210621	凤城满族自治县
mca	199212	210623	东沟县
mca	199212	210624	宽甸满族自治县
mca	199212	210700	锦州市
mca	199212	210702	古塔区
mca	199212	210703	凌河区
mca	199212	210711	太和区
mca	199212	210724	锦县
mca	199212	210725	北镇满族自治县
mca	199212	210726	黑山县
mca	199212	210727	义县
mca	199212	210800	营口市
mca	199212	210802	站前区
mca	199212	210803	西市区
mca	199212	210804	鲅鱼圈区
mca	199212	210811	老边区
mca	199212	210900	阜新市
mca	199212	210902	海州区
mca	199212	210903	新邱区
mca	199212	210904	太平区
mca	199212	210905	清河门区
mca	199212	210911	细河区
mca	199212	210921	阜新蒙古族自治县
mca	199212	210922	彰武县
mca	199212	211000	辽阳市
mca	199212	211002	白塔区
mca	199212	211003	文圣区
mca	199212	211004	宏伟区
mca	199212	211005	弓长岭区
mca	199212	211011	太子河区
mca	199212	211021	辽阳县
mca	199212	211022	灯塔县
mca	199212	211100	盘锦市
mca	199212	211102	双台子区
mca	199212	211103	兴隆台区
mca	199212	211121	大洼县
mca	199212	211122	盘山县
mca	199212	211200	铁岭市
mca	199212	211202	银州区
mca	199212	211204	清河区
mca	199212	211221	铁岭县
mca	199212	211223	西丰县
mca	199212	211224	昌图县
mca	199212	211300	朝阳市
mca	199212	211302	双塔区
mca	199212	211303	龙城区
mca	199212	211321	朝阳县
mca	199212	211322	建平县
mca	199212	211324	喀喇沁左翼蒙古族自治县
mca	199212	211400	锦西市
mca	199212	211402	连山区
mca	199212	211404	南票区
mca	199212	211405	葫芦岛区
mca	199212	211421	绥中县
mca	199212	211422	建昌县
mca	199212	219001	瓦房店市
mca	199212	219002	海城市
mca	199212	219004	兴城市
mca	199212	219005	铁法市
mca	199212	219006	北票市
mca	199212	219007	开原市
mca	199212	219008	普兰店市
mca	199212	219009	凌源市
mca	199212	219010	庄河市
mca	199212	219011	大石桥市
mca	199212	219012	盖州市
mca	199212	220000	吉林省
mca	199212	220100	长春市
mca	199212	220102	南关区
mca	199212	220103	宽城区
mca	199212	220104	朝阳区
mca	199212	220105	二道河子区
mca	199212	220111	郊区
mca	199212	220122	农安县
mca	199212	220124	德惠县
mca	199212	220125	双阳县
mca	199212	220200	吉林市
mca	199212	220202	昌邑区
mca	199212	220203	龙潭区
mca	199212	220204	船营区
mca	199212	220211	丰满区
mca	199212	220221	永吉县
mca	199212	220223	磐石县
mca	199212	220300	四平市
mca	199212	220302	铁西区
mca	199212	220303	铁东区
mca	199212	220322	梨树县
mca	199212	220323	伊通满族自治县
mca	199212	220324	双辽县
mca	199212	220400	辽源市
mca	199212	220402	龙山区
mca	199212	220403	西安区
mca	199212	220421	东丰县
mca	199212	220422	东辽县
mca	199212	220500	通化市
mca	199212	220502	东昌区
mca	199212	220503	二道江区
mca	199212	220521	通化县
mca	199212	220523	辉南县
mca	199212	220524	柳河县
mca	199212	220600	浑江市
mca	199212	220602	八道江区
mca	199212	220603	三岔子区
mca	199212	220621	抚松县
mca	199212	220622	靖宇县
mca	199212	220623	长白朝鲜族自治县
mca	199212	220624	临江县
mca	199212	220700	松原市
mca	199212	220702	扶余区
mca	199212	220721	前郭尔罗斯蒙古族自治县
mca	199212	220722	长岭县
mca	199212	220723	乾安县
mca	199212	222300	白城地区
mca	199212	222301	白城市
mca	199212	222302	洮南市
mca	199212	222304	大安市
mca	199212	222326	镇赉县
mca	199212	222327	通榆县
mca	199212	222400	延边朝鲜族自治州
mca	199212	222401	延吉市
mca	199212	222402	图们市
mca	199212	222403	敦化市
mca	199212	222404	珲春市
mca	199212	222405	龙井市
mca	199212	222423	和龙县
mca	199212	222424	汪清县
mca	199212	222426	安图县
mca	199212	229001	公主岭市
mca	199212	229002	梅河口市
mca	199212	229003	集安市
mca	199212	229004	桦甸市
mca	199212	229005	九台市
mca	199212	229006	蛟河市
mca	199212	229007	榆树市
mca	199212	229008	舒兰市
mca	199212	230000	黑龙江省
mca	199212	230100	哈尔滨市
mca	199212	230102	道里区
mca	199212	230103	南岗区
mca	199212	230104	道外区
mca	199212	230105	太平区
mca	199212	230106	香坊区
mca	199212	230107	动力区
mca	199212	230108	平房区
mca	199212	230121	呼兰县
mca	199212	230123	依兰县
mca	199212	230124	方正县
mca	199212	230125	宾县
mca	199212	230200	齐齐哈尔市
mca	199212	230202	龙沙区
mca	199212	230203	建华区
mca	199212	230204	铁锋区
mca	199212	230205	昂昂溪区
mca	199212	230206	富拉尔基区
mca	199212	230207	碾子山区
mca	199212	230208	梅里斯达斡尔族区
mca	199212	230221	龙江县
mca	199212	230223	依安县
mca	199212	230224	泰来县
mca	199212	230225	甘南县
mca	199212	230227	富裕县
mca	199212	230229	克山县
mca	199212	230230	克东县
mca	199212	230231	拜泉县
mca	199212	230300	鸡西市
mca	199212	230302	鸡冠区
mca	199212	230303	恒山区
mca	199212	230304	滴道区
mca	199212	230305	梨树区
mca	199212	230306	城子河区
mca	199212	230307	麻山区
mca	199212	230321	鸡东县
mca	199212	230400	鹤岗市
mca	199212	230402	向阳区
mca	199212	230403	工农区
mca	199212	230404	南山区
mca	199212	230405	兴安区
mca	199212	230406	东山区
mca	199212	230407	兴山区
mca	199212	230421	萝北县
mca	199212	230422	绥滨县
mca	199212	230500	双鸭山市
mca	199212	230502	尖山区
mca	199212	230503	岭东区
mca	199212	230505	四方台区
mca	199212	230506	宝山区
mca	199212	230521	集贤县
mca	199212	230522	友谊县
mca	199212	230523	宝清县
mca	199212	230600	大庆市
mca	199212	230602	萨尔图区
mca	199212	230603	龙凤区
mca	199212	230604	让胡路区
mca	199212	230605	红岗区
mca	199212	230606	大同区
mca	199212	230621	肇州县
mca	199212	230622	肇源县
mca	199212	230623	林甸县
mca	199212	230624	杜尔伯特蒙古族自治县
mca	199212	230700	伊春市
mca	199212	230702	伊春区
mca	199212	230703	南岔区
mca	199212	230704	友好区
mca	199212	230705	西林区
mca	199212	230706	翠峦区
mca	199212	230707	新青区
mca	199212	230708	美溪区
mca	199212	230709	金山屯区
mca	199212	230710	五营区
mca	199212	230711	乌马河区
mca	199212	230712	汤旺河区
mca	199212	230713	带岭区
mca	199212	230714	乌伊岭区
mca	199212	230715	红星区
mca	199212	230716	上甘岭区
mca	199212	230722	嘉荫县
mca	199212	230800	佳木斯市
mca	199212	230802	永红区
mca	199212	230803	向阳区
mca	199212	230804	前进区
mca	199212	230805	东风区
mca	199212	230811	郊区
mca	199212	230822	桦南县
mca	199212	230826	桦川县
mca	199212	230828	汤原县
mca	199212	230832	饶河县
mca	199212	230833	抚远县
mca	199212	230900	七台河市
mca	199212	230902	新兴区
mca	199212	230903	桃山区
mca	199212	230904	茄子河区
mca	199212	230921	勃利县
mca	199212	231000	牡丹江市
mca	199212	231002	东安区
mca	199212	231003	阳明区
mca	199212	231004	爱民区
mca	199212	231005	西安区
mca	199212	231011	郊区
mca	199212	231021	宁安县
mca	199212	231023	穆棱县
mca	199212	231024	东宁县
mca	199212	231025	林口县
mca	199212	231027	虎林县
mca	199212	232100	松花江地区
mca	199212	232101	双城市
mca	199212	232102	尚志市
mca	199212	232125	五常县
mca	199212	232126	巴彦县
mca	199212	232127	木兰县
mca	199212	232128	通河县
mca	199212	232131	延寿县
mca	199212	232300	绥化地区
mca	199212	232301	绥化市
mca	199212	232302	安达市
mca	199212	232303	肇东市
mca	199212	232304	海伦市
mca	199212	232324	望奎县
mca	199212	232325	兰西县
mca	199212	232326	青冈县
mca	199212	232330	庆安县
mca	199212	232331	明水县
mca	199212	232332	绥棱县
mca	199212	232600	黑河地区
mca	199212	232601	黑河市
mca	199212	232602	北安市
mca	199212	232603	五大连池市
mca	199212	232622	嫩江县
mca	199212	232623	德都县
mca	199212	232625	逊克县
mca	199212	232626	孙吴县
mca	199212	232700	大兴安岭地区
mca	199212	232721	呼玛县
mca	199212	232722	塔河县
mca	199212	232723	漠河县
mca	199212	239001	绥芬河市
mca	199212	239002	阿城市
mca	199212	239003	同江市
mca	199212	239004	富锦市
mca	199212	239005	铁力市
mca	199212	239006	密山市
mca	199212	239007	海林市
mca	199212	239008	讷河市
mca	199212	310000	上海市
mca	199212	310101	黄浦区
mca	199212	310102	南市区
mca	199212	310103	卢湾区
mca	199212	310104	徐汇区
mca	199212	310105	长宁区
mca	199212	310106	静安区
mca	199212	310107	普陀区
mca	199212	310108	闸北区
mca	199212	310109	虹口区
mca	199212	310110	杨浦区
mca	199212	310112	闵行区
mca	199212	310113	宝山区
mca	199212	310114	嘉定区
mca	199212	310115	浦东新区
mca	199212	310225	南汇县
mca	199212	310226	奉贤县
mca	199212	310227	松江县
mca	199212	310228	金山县
mca	199212	310229	青浦县
mca	199212	310230	崇明县
mca	199212	320000	江苏省
mca	199212	320100	南京市
mca	199212	320102	玄武区
mca	199212	320103	白下区
mca	199212	320104	秦淮区
mca	199212	320105	建邺区
mca	199212	320106	鼓楼区
mca	199212	320107	下关区
mca	199212	320111	浦口区
mca	199212	320112	大厂区
mca	199212	320113	栖霞区
mca	199212	320114	雨花台区
mca	199212	320121	江宁县
mca	199212	320122	江浦县
mca	199212	320123	六合县
mca	199212	320124	溧水县
mca	199212	320125	高淳县
mca	199212	320200	无锡市
mca	199212	320202	崇安区
mca	199212	320203	南长区
mca	199212	320204	北塘区
mca	199212	320205	马山区
mca	199212	320211	郊区
mca	199212	320222	无锡县
mca	199212	320300	徐州市
mca	199212	320302	鼓楼区
mca	199212	320303	云龙区
mca	199212	320304	矿区
mca	199212	320305	贾汪区
mca	199212	320311	郊区
mca	199212	320321	丰县
mca	199212	320322	沛县
mca	199212	320323	铜山县
mca	199212	320324	睢宁县
mca	199212	320400	常州市
mca	199212	320402	天宁区
mca	199212	320404	钟楼区
mca	199212	320405	戚墅堰区
mca	199212	320411	郊区
mca	199212	320421	武进县
mca	199212	320422	金坛县
mca	199212	320500	苏州市
mca	199212	320502	沧浪区
mca	199212	320503	平江区
mca	199212	320504	金阊区
mca	199212	320511	郊区
mca	199212	320522	太仓县
mca	199212	320524	吴县
mca	199212	320600	南通市
mca	199212	320602	崇川区
mca	199212	320611	港闸区
mca	199212	320621	海安县
mca	199212	320623	如东县
mca	199212	320624	南通县
mca	199212	320625	海门县
mca	199212	320700	连云港市
mca	199212	320703	连云区
mca	199212	320704	云台区
mca	199212	320705	新浦区
mca	199212	320706	海州区
mca	199212	320721	赣榆县
mca	199212	320722	东海县
mca	199212	320723	灌云县
mca	199212	320800	淮阴市
mca	199212	320802	清河区
mca	199212	320811	清浦区
mca	199212	320821	淮阴县
mca	199212	320822	灌南县
mca	199212	320823	沭阳县
mca	199212	320825	泗阳县
mca	199212	320826	涟水县
mca	199212	320827	泗洪县
mca	199212	320829	洪泽县
mca	199212	320830	盱眙县
mca	199212	320831	金湖县
mca	199212	320900	盐城市
mca	199212	320902	城区
mca	199212	320911	郊区
mca	199212	320921	响水县
mca	199212	320922	滨海县
mca	199212	320923	阜宁县
mca	199212	320924	射阳县
mca	199212	320925	建湖县
mca	199212	320926	大丰县
mca	199212	321000	扬州市
mca	199212	321002	广陵区
mca	199212	321011	郊区
mca	199212	321023	宝应县
mca	199212	321024	靖江县
mca	199212	321026	江都县
mca	199212	321027	邗江县
mca	199212	321028	泰县
mca	199212	321100	镇江市
mca	199212	321102	京口区
mca	199212	321111	润州区
mca	199212	321121	丹徒县
mca	199212	321123	句容县
mca	199212	321124	扬中县
mca	199212	329001	泰州市
mca	199212	329002	仪征市
mca	199212	329003	常熟市
mca	199212	329004	张家港市
mca	199212	329005	江阴市
mca	199212	329006	宿迁市
mca	199212	329007	丹阳市
mca	199212	329008	东台市
mca	199212	329009	兴化市
mca	199212	329010	淮安市
mca	199212	329011	宜兴市
mca	199212	329012	昆山市
mca	199212	329013	启东市
mca	199212	329014	新沂市
mca	199212	329015	溧阳市
mca	199212	329016	如皋市
mca	199212	329017	高邮市
mca	199212	329018	吴江市
mca	199212	329019	邳州市
mca	199212	329020	泰兴市
mca	199212	330000	浙江省
mca	199212	330100	杭州市
mca	199212	330102	上城区
mca	199212	330103	下城区
mca	199212	330104	江干区
mca	199212	330105	拱墅区
mca	199212	330106	西湖区
mca	199212	330122	桐庐县
mca	199212	330123	富阳县
mca	199212	330124	临安县
mca	199212	330125	余杭县
mca	199212	330127	淳安县
mca	199212	330200	宁波市
mca	199212	330203	海曙区
mca	199212	330204	江东区
mca	199212	330205	江北区
mca	199212	330206	北仑区
mca	199212	330211	镇海区
mca	199212	330225	象山县
mca	199212	330226	宁海县
mca	199212	330227	鄞县
mca	199212	330300	温州市
mca	199212	330302	鹿城区
mca	199212	330303	龙湾区
mca	199212	330304	瓯海区
mca	199212	330322	洞头县
mca	199212	330323	乐清县
mca	199212	330324	永嘉县
mca	199212	330326	平阳县
mca	199212	330327	苍南县
mca	199212	330328	文成县
mca	199212	330329	泰顺县
mca	199212	330400	嘉兴市
mca	199212	330402	城区
mca	199212	330411	郊区
mca	199212	330421	嘉善县
mca	199212	330424	海盐县
mca	199212	330425	桐乡县
mca	199212	330500	湖州市
mca	199212	330521	德清县
mca	199212	330522	长兴县
mca	199212	330523	安吉县
mca	199212	330600	绍兴市
mca	199212	330602	越城区
mca	199212	330621	绍兴县
mca	199212	330623	嵊县
mca	199212	330624	新昌县
mca	199212	330700	金华市
mca	199212	330702	婺城区
mca	199212	330721	金华县
mca	199212	330723	武义县
mca	199212	330726	浦江县
mca	199212	330727	磐安县
mca	199212	330800	衢州市
mca	199212	330802	柯城区
mca	199212	330821	衢县
mca	199212	330822	常山县
mca	199212	330824	开化县
mca	199212	330825	龙游县
mca	199212	330900	舟山市
mca	199212	330902	定海区
mca	199212	330903	普陀区
mca	199212	330921	岱山县
mca	199212	330922	嵊泗县
mca	199212	332500	丽水地区
mca	199212	332501	丽水市
mca	199212	332502	龙泉市
mca	199212	332522	青田县
mca	199212	332523	云和县
mca	199212	332525	庆元县
mca	199212	332526	缙云县
mca	199212	332527	遂昌县
mca	199212	332528	松阳县
mca	199212	332529	景宁畲族自治县
mca	199212	332600	台州地区
mca	199212	332601	椒江市
mca	199212	332602	临海市
mca	199212	332603	黄岩市
mca	199212	332623	温岭县
mca	199212	332624	仙居县
mca	199212	332625	天台县
mca	199212	332626	三门县
mca	199212	332627	玉环县
mca	199212	339001	余姚市
mca	199212	339002	海宁市
mca	199212	339003	兰溪市
mca	199212	339004	瑞安市
mca	199212	339005	萧山市
mca	199212	339006	江山市
mca	199212	339007	义乌市
mca	199212	339008	东阳市
mca	199212	339009	慈溪市
mca	199212	339010	奉化市
mca	199212	339011	诸暨市
mca	199212	339012	平湖市
mca	199212	339013	建德市
mca	199212	339014	永康市
mca	199212	339015	上虞市
mca	199212	340000	安徽省
mca	199212	340100	合肥市
mca	199212	340102	东市区
mca	199212	340103	中市区
mca	199212	340104	西市区
mca	199212	340111	郊区
mca	199212	340121	长丰县
mca	199212	340122	肥东县
mca	199212	340123	肥西县
mca	199212	340200	芜湖市
mca	199212	340202	镜湖区
mca	199212	340203	马塘区
mca	199212	340204	新芜区
mca	199212	340205	鸠江区
mca	199212	340221	芜湖县
mca	199212	340222	繁昌县
mca	199212	340223	南陵县
mca	199212	340300	蚌埠市
mca	199212	340302	东市区
mca	199212	340303	中市区
mca	199212	340304	西市区
mca	199212	340311	郊区
mca	199212	340321	怀远县
mca	199212	340322	五河县
mca	199212	340323	固镇县
mca	199212	340400	淮南市
mca	199212	340402	大通区
mca	199212	340403	田家庵区
mca	199212	340404	谢家集区
mca	199212	340405	八公山区
mca	199212	340406	潘集区
mca	199212	340421	凤台县
mca	199212	340500	马鞍山市
mca	199212	340502	金家庄区
mca	199212	340503	花山区
mca	199212	340504	雨山区
mca	199212	340505	向山区
mca	199212	340521	当涂县
mca	199212	340600	淮北市
mca	199212	340602	杜集区
mca	199212	340603	相山区
mca	199212	340604	烈山区
mca	199212	340621	濉溪县
mca	199212	340700	铜陵市
mca	199212	340702	铜官山区
mca	199212	340703	狮子山区
mca	199212	340711	郊区
mca	199212	340721	铜陵县
mca	199212	340800	安庆市
mca	199212	340802	迎江区
mca	199212	340803	大观区
mca	199212	340811	郊区
mca	199212	340821	桐城县
mca	199212	340822	怀宁县
mca	199212	340823	枞阳县
mca	199212	340824	潜山县
mca	199212	340825	太湖县
mca	199212	340826	宿松县
mca	199212	340827	望江县
mca	199212	340828	岳西县
mca	199212	341000	黄山市
mca	199212	341002	屯溪区
mca	199212	341003	黄山区
mca	199212	341004	徽州区
mca	199212	341021	歙县
mca	199212	341022	休宁县
mca	199212	341023	黟县
mca	199212	341024	祁门县
mca	199212	341100	滁州市
mca	199212	341102	琅琊区
mca	199212	341103	南谯区
mca	199212	341121	天长县
mca	199212	341122	来安县
mca	199212	341124	全椒县
mca	199212	341125	定远县
mca	199212	341126	凤阳县
mca	199212	341127	嘉山县
mca	199212	342100	阜阳地区
mca	199212	342101	阜阳市
mca	199212	342102	亳州市
mca	199212	342103	界首市
mca	199212	342122	临泉县
mca	199212	342123	太和县
mca	199212	342124	涡阳县
mca	199212	342125	蒙城县
mca	199212	342127	阜南县
mca	199212	342128	颍上县
mca	199212	342130	利辛县
mca	199212	342200	宿县地区
mca	199212	342201	宿州市
mca	199212	342221	砀山县
mca	199212	342222	萧县
mca	199212	342224	灵璧县
mca	199212	342225	泗县
mca	199212	342400	六安地区
mca	199212	342401	六安市
mca	199212	342422	寿县
mca	199212	342423	霍邱县
mca	199212	342425	舒城县
mca	199212	342426	金寨县
mca	199212	342427	霍山县
mca	199212	342500	宣城地区
mca	199212	342501	宣城市
mca	199212	342522	郎溪县
mca	199212	342523	广德县
mca	199212	342524	宁国县
mca	199212	342529	泾县
mca	199212	342530	旌德县
mca	199212	342531	绩溪县
mca	199212	342600	巢湖地区
mca	199212	342601	巢湖市
mca	199212	342622	庐江县
mca	199212	342623	无为县
mca	199212	342625	含山县
mca	199212	342626	和县
mca	199212	342900	池州地区
mca	199212	342901	贵池市
mca	199212	342921	东至县
mca	199212	342922	石台县
mca	199212	342923	青阳县
mca	199212	350000	福建省
mca	199212	350100	福州市
mca	199212	350102	鼓楼区
mca	199212	350103	台江区
mca	199212	350104	仓山区
mca	199212	350105	马尾区
mca	199212	350111	郊区
mca	199212	350121	闽侯县
mca	199212	350122	连江县
mca	199212	350123	罗源县
mca	199212	350124	闽清县
mca	199212	350125	永泰县
mca	199212	350126	长乐县
mca	199212	350128	平潭县
mca	199212	350200	厦门市
mca	199212	350202	鼓浪屿区
mca	199212	350203	思明区
mca	199212	350204	开元区
mca	199212	350205	杏林区
mca	199212	350206	湖里区
mca	199212	350211	集美区
mca	199212	350221	同安县
mca	199212	350300	莆田市
mca	199212	350302	城厢区
mca	199212	350303	涵江区
mca	199212	350321	莆田县
mca	199212	350322	仙游县
mca	199212	350400	三明市
mca	199212	350402	梅列区
mca	199212	350403	三元区
mca	199212	350421	明溪县
mca	199212	350423	清流县
mca	199212	350424	宁化县
mca	199212	350425	大田县
mca	199212	350426	尤溪县
mca	199212	350427	沙县
mca	199212	350428	将乐县
mca	199212	350429	泰宁县
mca	199212	350430	建宁县
mca	199212	350500	泉州市
mca	199212	350502	鲤城区
mca	199212	350521	惠安县
mca	199212	350523	南安县
mca	199212	350524	安溪县
mca	199212	350525	永春县
mca	199212	350526	德化县
mca	199212	350527	金门县
mca	199212	350600	漳州市
mca	199212	350602	芗城区
mca	199212	350621	龙海县
mca	199212	350622	云霄县
mca	199212	350623	漳浦县
mca	199212	350624	诏安县
mca	199212	350625	长泰县
mca	199212	350626	东山县
mca	199212	350627	南靖县
mca	199212	350628	平和县
mca	199212	350629	华安县
mca	199212	352100	南平地区
mca	199212	352101	南平市
mca	199212	352102	邵武市
mca	199212	352103	武夷山市
mca	199212	352104	建瓯市
mca	199212	352121	顺昌县
mca	199212	352122	建阳县
mca	199212	352124	浦城县
mca	199212	352127	光泽县
mca	199212	352128	松溪县
mca	199212	352129	政和县
mca	199212	352200	宁德地区
mca	199212	352201	宁德市
mca	199212	352202	福安市
mca	199212	352224	福鼎县
mca	199212	352225	霞浦县
mca	199212	352227	古田县
mca	199212	352228	屏南县
mca	199212	352229	寿宁县
mca	199212	352230	周宁县
mca	199212	352231	柘荣县
mca	199212	352600	龙岩地区
mca	199212	352601	龙岩市
mca	199212	352602	漳平市
mca	199212	352622	长汀县
mca	199212	352623	永定县
mca	199212	352624	上杭县
mca	199212	352625	武平县
mca	199212	352627	连城县
mca	199212	359001	永安市
mca	199212	359002	石狮市
mca	199212	359003	福清市
mca	199212	359004	晋江市
mca	199212	360000	江西省
mca	199212	360100	南昌市
mca	199212	360102	东湖区
mca	199212	360103	西湖区
mca	199212	360104	青云谱区
mca	199212	360105	湾里区
mca	199212	360111	郊区
mca	199212	360121	南昌县
mca	199212	360122	新建县
mca	199212	360123	安义县
mca	199212	360124	进贤县
mca	199212	360200	景德镇市
mca	199212	360202	昌江区
mca	199212	360203	珠山区
mca	199212	360222	浮梁县
mca	199212	360300	萍乡市
mca	199212	360302	城关区
mca	199212	360311	上栗区
mca	199212	360312	芦溪区
mca	199212	360313	湘东区
mca	199212	360321	莲花县
mca	199212	360400	九江市
mca	199212	360402	庐山区
mca	199212	360403	浔阳区
mca	199212	360421	九江县
mca	199212	360423	武宁县
mca	199212	360424	修水县
mca	199212	360425	永修县
mca	199212	360426	德安县
mca	199212	360427	星子县
mca	199212	360428	都昌县
mca	199212	360429	湖口县
mca	199212	360430	彭泽县
mca	199212	360500	新余市
mca	199212	360502	渝水区
mca	199212	360521	分宜县
mca	199212	360600	鹰潭市
mca	199212	360602	月湖区
mca	199212	360621	贵溪县
mca	199212	360622	余江县
mca	199212	362100	赣州地区
mca	199212	362101	赣州市
mca	199212	362121	赣县
mca	199212	362122	南康县
mca	199212	362123	信丰县
mca	199212	362124	大余县
mca	199212	362125	上犹县
mca	199212	362126	崇义县
mca	199212	362127	安远县
mca	199212	362128	龙南县
mca	199212	362129	定南县
mca	199212	362130	全南县
mca	199212	362131	宁都县
mca	199212	362132	于都县
mca	199212	362133	兴国县
mca	199212	362134	瑞金县
mca	199212	362135	会昌县
mca	199212	362136	寻乌县
mca	199212	362137	石城县
mca	199212	362200	宜春地区
mca	199212	362201	宜春市
mca	199212	362202	丰城市
mca	199212	362203	樟树市
mca	199212	362222	高安县
mca	199212	362226	奉新县
mca	199212	362227	万载县
mca	199212	362228	上高县
mca	199212	362229	宜丰县
mca	199212	362232	靖安县
mca	199212	362233	铜鼓县
mca	199212	362300	上饶地区
mca	199212	362301	上饶市
mca	199212	362302	德兴市
mca	199212	362321	上饶县
mca	199212	362322	广丰县
mca	199212	362323	玉山县
mca	199212	362324	铅山县
mca	199212	362325	横峰县
mca	199212	362326	弋阳县
mca	199212	362329	余干县
mca	199212	362330	波阳县
mca	199212	362331	万年县
mca	199212	362334	婺源县
mca	199212	362400	吉安地区
mca	199212	362401	吉安市
mca	199212	362402	井冈山市
mca	199212	362421	吉安县
mca	199212	362422	吉水县
mca	199212	362423	峡江县
mca	199212	362424	新干县
mca	199212	362425	永丰县
mca	199212	362426	泰和县
mca	199212	362427	遂川县
mca	199212	362428	万安县
mca	199212	362429	安福县
mca	199212	362430	永新县
mca	199212	362432	宁冈县
mca	199212	362500	抚州地区
mca	199212	362501	临川市
mca	199212	362522	南城县
mca	199212	362523	黎川县
mca	199212	362524	南丰县
mca	199212	362525	崇仁县
mca	199212	362526	乐安县
mca	199212	362527	宜黄县
mca	199212	362528	金溪县
mca	199212	362529	资溪县
mca	199212	362531	东乡县
mca	199212	362532	广昌县
mca	199212	369001	瑞昌市
mca	199212	369002	乐平市
mca	199212	370000	山东省
mca	199212	370100	济南市
mca	199212	370102	历下区
mca	199212	370103	市中区
mca	199212	370104	槐荫区
mca	199212	370105	天桥区
mca	199212	370112	历城区
mca	199212	370123	长清县
mca	199212	370124	平阴县
mca	199212	370125	济阳县
mca	199212	370126	商河县
mca	199212	370200	青岛市
mca	199212	370202	市南区
mca	199212	370203	市北区
mca	199212	370204	台东区
mca	199212	370205	四方区
mca	199212	370206	沧口区
mca	199212	370211	黄岛区
mca	199212	370212	崂山区
mca	199212	370300	淄博市
mca	199212	370302	淄川区
mca	199212	370303	张店区
mca	199212	370304	博山区
mca	199212	370305	临淄区
mca	199212	370306	周村区
mca	199212	370321	桓台县
mca	199212	370322	高青县
mca	199212	370323	沂源县
mca	199212	370400	枣庄市
mca	199212	370402	市中区
mca	199212	370403	薛城区
mca	199212	370404	峄城区
mca	199212	370405	台儿庄区
mca	199212	370406	山亭区
mca	199212	370500	东营市
mca	199212	370502	东营区
mca	199212	370503	河口区
mca	199212	370521	垦利县
mca	199212	370522	利津县
mca	199212	370523	广饶县
mca	199212	370600	烟台市
mca	199212	370602	芝罘区
mca	199212	370611	福山区
mca	199212	370628	栖霞县
mca	199212	370629	海阳县
mca	199212	370631	牟平县
mca	199212	370634	长岛县
mca	199212	370700	潍坊市
mca	199212	370702	潍城区
mca	199212	370703	寒亭区
mca	199212	370704	坊子区
mca	199212	370722	安丘县
mca	199212	370723	寿光县
mca	199212	370724	临朐县
mca	199212	370725	昌乐县
mca	199212	370726	昌邑县
mca	199212	370727	高密县
mca	199212	370800	济宁市
mca	199212	370802	市中区
mca	199212	370811	市郊区
mca	199212	370826	微山县
mca	199212	370827	鱼台县
mca	199212	370828	金乡县
mca	199212	370829	嘉祥县
mca	199212	370830	汶上县
mca	199212	370831	泗水县
mca	199212	370832	梁山县
mca	199212	370900	泰安市
mca	199212	370902	泰山区
mca	199212	370911	郊区
mca	199212	370921	宁阳县
mca	199212	370923	东平县
mca	199212	371000	威海市
mca	199212	371002	环翠区
mca	199212	371021	乳山县
mca	199212	371100	日照市
mca	199212	371102	东港区
mca	199212	371121	五莲县
mca	199212	371122	莒县
mca	199212	371200	莱芜市
mca	199212	371202	莱城区
mca	199212	371203	钢城区
mca	199212	372300	滨州地区
mca	199212	372301	滨州市
mca	199212	372321	惠民县
mca	199212	372323	阳信县
mca	199212	372324	无棣县
mca	199212	372325	沾化县
mca	199212	372328	博兴县
mca	199212	372330	邹平县
mca	199212	372400	德州地区
mca	199212	372401	德州市
mca	199212	372402	乐陵市
mca	199212	372421	陵县
mca	199212	372422	平原县
mca	199212	372423	夏津县
mca	199212	372424	武城县
mca	199212	372425	齐河县
mca	199212	372426	禹城县
mca	199212	372428	临邑县
mca	199212	372431	宁津县
mca	199212	372432	庆云县
mca	199212	372500	聊城地区
mca	199212	372501	聊城市
mca	199212	372502	临清市
mca	199212	372522	阳谷县
mca	199212	372523	莘县
mca	199212	372524	茌平县
mca	199212	372525	东阿县
mca	199212	372526	冠县
mca	199212	372527	高唐县
mca	199212	372800	临沂地区
mca	199212	372801	临沂市
mca	199212	372822	郯城县
mca	199212	372823	苍山县
mca	199212	372824	莒南县
mca	199212	372827	沂水县
mca	199212	372829	蒙阴县
mca	199212	372830	平邑县
mca	199212	372831	费县
mca	199212	372832	沂南县
mca	199212	372833	临沭县
mca	199212	372900	菏泽地区
mca	199212	372901	菏泽市
mca	199212	372922	曹县
mca	199212	372923	定陶县
mca	199212	372924	成武县
mca	199212	372925	单县
mca	199212	372926	巨野县
mca	199212	372928	郓城县
mca	199212	372929	鄄城县
mca	199212	372930	东明县
mca	199212	379001	青州市
mca	199212	379002	龙口市
mca	199212	379003	曲阜市
mca	199212	379005	新泰市
mca	199212	379006	胶州市
mca	199212	379007	诸城市
mca	199212	379008	莱阳市
mca	199212	379009	莱州市
mca	199212	379010	滕州市
mca	199212	379011	文登市
mca	199212	379012	荣成市
mca	199212	379013	即墨市
mca	199212	379014	平度市
mca	199212	379015	莱西市
mca	199212	379016	胶南市
mca	199212	379017	蓬莱市
mca	199212	379018	招远市
mca	199212	379019	肥城市
mca	199212	379020	章丘市
mca	199212	379021	兖州市
mca	199212	379022	邹城市
mca	199212	410000	河南省
mca	199212	410100	郑州市
mca	199212	410102	中原区
mca	199212	410103	二七区
mca	199212	410104	管城回族区
mca	199212	410105	金水区
mca	199212	410106	上街区
mca	199212	410108	邙山区
mca	199212	410121	荥阳县
mca	199212	410122	中牟县
mca	199212	410123	新郑县
mca	199212	410125	登封县
mca	199212	410126	密县
mca	199212	410200	开封市
mca	199212	410202	龙亭区
mca	199212	410203	顺河回族区
mca	199212	410204	鼓楼区
mca	199212	410205	南关区
mca	199212	410211	郊区
mca	199212	410221	杞县
mca	199212	410222	通许县
mca	199212	410223	尉氏县
mca	199212	410224	开封县
mca	199212	410225	兰考县
mca	199212	410300	洛阳市
mca	199212	410302	老城区
mca	199212	410303	西工区
mca	199212	410304	瀍河回族区
mca	199212	410305	涧西区
mca	199212	410306	吉利区
mca	199212	410311	郊区
mca	199212	410321	偃师县
mca	199212	410322	孟津县
mca	199212	410323	新安县
mca	199212	410324	栾川县
mca	199212	410325	嵩县
mca	199212	410326	汝阳县
mca	199212	410327	宜阳县
mca	199212	410328	洛宁县
mca	199212	410329	伊川县
mca	199212	410400	平顶山市
mca	199212	410402	新华区
mca	199212	410403	卫东区
mca	199212	410411	郊区
mca	199212	410421	宝丰县
mca	199212	410422	叶县
mca	199212	410423	鲁山县
mca	199212	410425	郏县
mca	199212	410426	襄城县
mca	199212	410500	安阳市
mca	199212	410502	文峰区
mca	199212	410503	北关区
mca	199212	410504	铁西区
mca	199212	410511	郊区
mca	199212	410521	林县
mca	199212	410522	安阳县
mca	199212	410523	汤阴县
mca	199212	410526	滑县
mca	199212	410527	内黄县
mca	199212	410600	鹤壁市
mca	199212	410602	鹤山区
mca	199212	410603	山城区
mca	199212	410611	郊区
mca	199212	410621	浚县
mca	199212	410622	淇县
mca	199212	410700	新乡市
mca	199212	410702	红旗区
mca	199212	410703	新华区
mca	199212	410704	北站区
mca	199212	410711	郊区
mca	199212	410721	新乡县
mca	199212	410724	获嘉县
mca	199212	410725	原阳县
mca	199212	410726	延津县
mca	199212	410727	封丘县
mca	199212	410728	长垣县
mca	199212	410800	焦作市
mca	199212	410802	解放区
mca	199212	410803	中站区
mca	199212	410804	马村区
mca	199212	410811	山阳区
mca	199212	410821	修武县
mca	199212	410822	博爱县
mca	199212	410823	武陟县
mca	199212	410825	温县
mca	199212	410826	孟县
mca	199212	410900	濮阳市
mca	199212	410902	市区
mca	199212	410922	清丰县
mca	199212	410923	南乐县
mca	199212	410926	范县
mca	199212	410927	台前县
mca	199212	410928	濮阳县
mca	199212	411000	许昌市
mca	199212	411002	魏都区
mca	199212	411022	长葛县
mca	199212	411023	许昌县
mca	199212	411024	鄢陵县
mca	199212	411100	漯河市
mca	199212	411102	源汇区
mca	199212	411121	舞阳县
mca	199212	411122	临颍县
mca	199212	411123	郾城县
mca	199212	411200	三门峡市
mca	199212	411202	湖滨区
mca	199212	411221	渑池县
mca	199212	411222	陕县
mca	199212	411223	灵宝县
mca	199212	411224	卢氏县
mca	199212	412300	商丘地区
mca	199212	412301	商丘市
mca	199212	412321	虞城县
mca	199212	412322	商丘县
mca	199212	412323	民权县
mca	199212	412324	宁陵县
mca	199212	412325	睢县
mca	199212	412326	夏邑县
mca	199212	412327	柘城县
mca	199212	412328	永城县
mca	199212	412700	周口地区
mca	199212	412701	周口市
mca	199212	412721	扶沟县
mca	199212	412722	西华县
mca	199212	412723	商水县
mca	199212	412724	太康县
mca	199212	412725	鹿邑县
mca	199212	412726	郸城县
mca	199212	412727	淮阳县
mca	199212	412728	沈丘县
mca	199212	412729	项城县
mca	199212	412800	驻马店地区
mca	199212	412801	驻马店市
mca	199212	412821	确山县
mca	199212	412822	泌阳县
mca	199212	412823	遂平县
mca	199212	412824	西平县
mca	199212	412825	上蔡县
mca	199212	412826	汝南县
mca	199212	412827	平舆县
mca	199212	412828	新蔡县
mca	199212	412829	正阳县
mca	199212	412900	南阳地区
mca	199212	412901	南阳市
mca	199212	412902	邓州市
mca	199212	412921	南召县
mca	199212	412922	方城县
mca	199212	412923	西峡县
mca	199212	412924	南阳县
mca	199212	412925	镇平县
mca	199212	412926	内乡县
mca	199212	412927	淅川县
mca	199212	412928	社旗县
mca	199212	412929	唐河县
mca	199212	412931	新野县
mca	199212	412932	桐柏县
mca	199212	413000	信阳地区
mca	199212	413001	信阳市
mca	199212	413021	息县
mca	199212	413022	淮滨县
mca	199212	413023	信阳县
mca	199212	413024	潢川县
mca	199212	413025	光山县
mca	199212	413026	固始县
mca	199212	413027	商城县
mca	199212	413028	罗山县
mca	199212	413029	新县
mca	199212	419001	义马市
mca	199212	419002	汝州市
mca	199212	419003	济源市
mca	199212	419004	禹州市
mca	199212	419005	卫辉市
mca	199212	419006	辉县市
mca	199212	419007	沁阳市
mca	199212	419008	舞钢市
mca	199212	419009	巩义市
mca	199212	420000	湖北省
mca	199212	420100	武汉市
mca	199212	420102	江岸区
mca	199212	420103	江汉区
mca	199212	420104	硚口区
mca	199212	420105	汉阳区
mca	199212	420106	武昌区
mca	199212	420107	青山区
mca	199212	420111	洪山区
mca	199212	420112	东西湖区
mca	199212	420113	汉南区
mca	199212	420114	蔡甸区
mca	199212	420122	武昌县
mca	199212	420123	黄陂县
mca	199212	420124	新洲县
mca	199212	420200	黄石市
mca	199212	420202	黄石港区
mca	199212	420203	石灰窑区
mca	199212	420204	下陆区
mca	199212	420205	铁山区
mca	199212	420221	大冶县
mca	199212	420300	十堰市
mca	199212	420302	茅箭区
mca	199212	420303	张湾区
mca	199212	420400	沙市市
mca	199212	420500	宜昌市
mca	199212	420502	西陵区
mca	199212	420503	伍家岗区
mca	199212	420504	点军区
mca	199212	420521	宜昌县
mca	199212	420523	枝江县
mca	199212	420525	远安县
mca	199212	420526	兴山县
mca	199212	420527	秭归县
mca	199212	420528	长阳土家族自治县
mca	199212	420529	五峰土家族自治县
mca	199212	420600	襄樊市
mca	199212	420602	襄城区
mca	199212	420603	樊东区
mca	199212	420604	樊西区
mca	199212	420611	郊区
mca	199212	420621	襄阳县
mca	199212	420623	宜城县
mca	199212	420624	南漳县
mca	199212	420625	谷城县
mca	199212	420626	保康县
mca	199212	420700	鄂州市
mca	199212	420702	梁子湖区
mca	199212	420703	华容区
mca	199212	420704	鄂城区
mca	199212	420800	荆门市
mca	199212	420802	东宝区
mca	199212	420803	沙洋区
mca	199212	422100	黄冈地区
mca	199212	422101	麻城市
mca	199212	422102	武穴市
mca	199212	422103	黄州市
mca	199212	422123	红安县
mca	199212	422125	罗田县
mca	199212	422126	英山县
mca	199212	422127	浠水县
mca	199212	422128	蕲春县
mca	199212	422130	黄梅县
mca	199212	422200	孝感地区
mca	199212	422201	孝感市
mca	199212	422202	应城市
mca	199212	422203	安陆市
mca	199212	422204	广水市
mca	199212	422223	大悟县
mca	199212	422226	云梦县
mca	199212	422228	汉川县
mca	199212	422300	咸宁地区
mca	199212	422301	咸宁市
mca	199212	422302	蒲圻市
mca	199212	422322	嘉鱼县
mca	199212	422324	通城县
mca	199212	422325	崇阳县
mca	199212	422326	通山县
mca	199212	422327	阳新县
mca	199212	422400	荆州地区
mca	199212	422401	仙桃市
mca	199212	422402	石首市
mca	199212	422403	洪湖市
mca	199212	422404	天门市
mca	199212	422405	潜江市
mca	199212	422406	钟祥市
mca	199212	422421	江陵县
mca	199212	422422	松滋县
mca	199212	422423	公安县
mca	199212	422425	监利县
mca	199212	422432	京山县
mca	199212	422600	郧阳地区
mca	199212	422601	丹江口市
mca	199212	422622	郧县
mca	199212	422623	郧西县
mca	199212	422624	竹山县
mca	199212	422625	竹溪县
mca	199212	422626	房县
mca	199212	422800	鄂西土家族苗族自治州
mca	199212	422801	恩施市
mca	199212	422802	利川市
mca	199212	422822	建始县
mca	199212	422823	巴东县
mca	199212	422825	宣恩县
mca	199212	422826	咸丰县
mca	199212	422827	来凤县
mca	199212	422828	鹤峰县
mca	199212	429001	随州市
mca	199212	429002	老河口市
mca	199212	429003	枣阳市
mca	199212	429007	枝城市
mca	199212	429008	当阳市
mca	199212	429021	神农架林区
mca	199212	430000	湖南省
mca	199212	430100	长沙市
mca	199212	430102	东区
mca	199212	430103	南区
mca	199212	430104	西区
mca	199212	430105	北区
mca	199212	430111	郊区
mca	199212	430121	长沙县
mca	199212	430122	望城县
mca	199212	430123	浏阳县
mca	199212	430124	宁乡县
mca	199212	430200	株洲市
mca	199212	430202	东区
mca	199212	430203	北区
mca	199212	430204	南区
mca	199212	430211	郊区
mca	199212	430221	株洲县
mca	199212	430223	攸县
mca	199212	430224	茶陵县
mca	199212	430225	酃县
mca	199212	430300	湘潭市
mca	199212	430302	雨湖区
mca	199212	430304	岳塘区
mca	199212	430321	湘潭县
mca	199212	430400	衡阳市
mca	199212	430402	江东区
mca	199212	430403	城南区
mca	199212	430404	城北区
mca	199212	430411	郊区
mca	199212	430412	南岳区
mca	199212	430421	衡阳县
mca	199212	430422	衡南县
mca	199212	430423	衡山县
mca	199212	430424	衡东县
mca	199212	430425	常宁县
mca	199212	430426	祁东县
mca	199212	430500	邵阳市
mca	199212	430502	东区
mca	199212	430503	西区
mca	199212	430511	郊区
mca	199212	430521	邵东县
mca	199212	430522	新邵县
mca	199212	430523	邵阳县
mca	199212	430524	隆回县
mca	199212	430525	洞口县
mca	199212	430526	武冈县
mca	199212	430527	绥宁县
mca	199212	430528	新宁县
mca	199212	430529	城步苗族自治县
mca	199212	430600	岳阳市
mca	199212	430602	南区
mca	199212	430603	北区
mca	199212	430611	郊区
mca	199212	430621	岳阳县
mca	199212	430623	华容县
mca	199212	430624	湘阴县
mca	199212	430626	平江县
mca	199212	430700	常德市
mca	199212	430702	武陵区
mca	199212	430703	鼎城区
mca	199212	430721	安乡县
mca	199212	430722	汉寿县
mca	199212	430723	澧县
mca	199212	430724	临澧县
mca	199212	430725	桃源县
mca	199212	430726	石门县
mca	199212	430800	大庸市
mca	199212	430802	永定区
mca	199212	430811	武陵源区
mca	199212	430821	慈利县
mca	199212	430822	桑植县
mca	199212	432300	益阳地区
mca	199212	432301	益阳市
mca	199212	432302	沅江市
mca	199212	432321	益阳县
mca	199212	432322	南县
mca	199212	432325	桃江县
mca	199212	432326	安化县
mca	199212	432500	娄底地区
mca	199212	432501	娄底市
mca	199212	432502	冷水江市
mca	199212	432503	涟源市
mca	199212	432522	双峰县
mca	199212	432524	新化县
mca	199212	432800	郴州地区
mca	199212	432801	郴州市
mca	199212	432802	资兴市
mca	199212	432821	郴县
mca	199212	432822	桂阳县
mca	199212	432823	永兴县
mca	199212	432824	宜章县
mca	199212	432826	嘉禾县
mca	199212	432827	临武县
mca	199212	432828	汝城县
mca	199212	432829	桂东县
mca	199212	432831	安仁县
mca	199212	432900	零陵地区
mca	199212	432901	永州市
mca	199212	432902	冷水滩市
mca	199212	432922	东安县
mca	199212	432923	道县
mca	199212	432924	宁远县
mca	199212	432925	江永县
mca	199212	432926	江华瑶族自治县
mca	199212	432927	蓝山县
mca	199212	432928	新田县
mca	199212	432929	双牌县
mca	199212	432930	祁阳县
mca	199212	433000	怀化地区
mca	199212	433001	怀化市
mca	199212	433002	洪江市
mca	199212	433021	黔阳县
mca	199212	433022	沅陵县
mca	199212	433023	辰溪县
mca	199212	433024	溆浦县
mca	199212	433025	麻阳苗族自治县
mca	199212	433026	新晃侗族自治县
mca	199212	433027	芷江侗族自治县
mca	199212	433029	会同县
mca	199212	433030	靖州苗族侗族自治县
mca	199212	433031	通道侗族自治县
mca	199212	433100	湘西土家族苗族自治州
mca	199212	433101	吉首市
mca	199212	433122	泸溪县
mca	199212	433123	凤凰县
mca	199212	433124	花垣县
mca	199212	433125	保靖县
mca	199212	433126	古丈县
mca	199212	433127	永顺县
mca	199212	433130	龙山县
mca	199212	439001	醴陵市
mca	199212	439002	湘乡市
mca	199212	439003	耒阳市
mca	199212	439004	汨罗市
mca	199212	439005	津市市
mca	199212	439006	韶山市
mca	199212	439007	临湘市
mca	199212	440000	广东省
mca	199212	440100	广州市
mca	199212	440102	东山区
mca	199212	440103	荔湾区
mca	199212	440104	越秀区
mca	199212	440105	海珠区
mca	199212	440106	天河区
mca	199212	440107	芳村区
mca	199212	440111	白云区
mca	199212	440112	黄埔区
mca	199212	440121	花县
mca	199212	440122	从化县
mca	199212	440125	增城县
mca	199212	440200	韶关市
mca	199212	440202	北江区
mca	199212	440203	浈江区
mca	199212	440204	武江区
mca	199212	440221	曲江县
mca	199212	440222	始兴县
mca	199212	440223	南雄县
mca	199212	440224	仁化县
mca	199212	440225	乐昌县
mca	199212	440229	翁源县
mca	199212	440232	乳源瑶族自治县
mca	199212	440233	新丰县
mca	199212	440300	深圳市
mca	199212	440303	罗湖区
mca	199212	440304	福田区
mca	199212	440305	南山区
mca	199212	440306	宝安区
mca	199212	440307	龙岗区
mca	199212	440400	珠海市
mca	199212	440402	香洲区
mca	199212	440421	斗门县
mca	199212	440500	汕头市
mca	199212	440502	龙湖区
mca	199212	440503	金园区
mca	199212	440504	升平区
mca	199212	440506	达豪区
mca	199212	440521	澄海县
mca	199212	440523	南澳县
mca	199212	440524	潮阳县
mca	199212	440600	佛山市
mca	199212	440602	城区
mca	199212	440603	石湾区
mca	199212	440621	三水县
mca	199212	440624	高明县
mca	199212	440700	江门市
mca	199212	440702	城区
mca	199212	440711	郊区
mca	199212	440723	恩平县
mca	199212	440724	开平县
mca	199212	440725	鹤山县
mca	199212	440800	湛江市
mca	199212	440802	赤坎区
mca	199212	440803	霞山区
mca	199212	440804	坡头区
mca	199212	440811	郊区
mca	199212	440821	吴川县
mca	199212	440822	廉江县
mca	199212	440823	遂溪县
mca	199212	440824	海康县
mca	199212	440825	徐闻县
mca	199212	440900	茂名市
mca	199212	440902	茂南区
mca	199212	440921	信宜县
mca	199212	440922	高州县
mca	199212	440923	电白县
mca	199212	440924	化州县
mca	199212	441200	肇庆市
mca	199212	441202	端州区
mca	199212	441203	鼎湖区
mca	199212	441221	高要县
mca	199212	441222	四会县
mca	199212	441223	广宁县
mca	199212	441224	怀集县
mca	199212	441225	封开县
mca	199212	441226	德庆县
mca	199212	441228	新兴县
mca	199212	441229	郁南县
mca	199212	441230	罗定县
mca	199212	441300	惠州市
mca	199212	441302	惠城区
mca	199212	441321	惠阳县
mca	199212	441322	博罗县
mca	199212	441323	惠东县
mca	199212	441324	龙门县
mca	199212	441400	梅州市
mca	199212	441402	梅江区
mca	199212	441421	梅县
mca	199212	441422	大埔县
mca	199212	441423	丰顺县
mca	199212	441424	五华县
mca	199212	441425	兴宁县
mca	199212	441426	平远县
mca	199212	441427	蕉岭县
mca	199212	441500	汕尾市
mca	199212	441502	城区
mca	199212	441521	海丰县
mca	199212	441522	陆丰县
mca	199212	441523	陆河县
mca	199212	441600	河源市
mca	199212	441602	源城区
mca	199212	441611	郊区
mca	199212	441621	紫金县
mca	199212	441622	龙川县
mca	199212	441623	连平县
mca	199212	441624	和平县
mca	199212	441700	阳江市
mca	199212	441702	江城区
mca	199212	441721	阳西县
mca	199212	441722	阳春县
mca	199212	441723	阳东县
mca	199212	441800	清远市
mca	199212	441802	清城区
mca	199212	441821	佛冈县
mca	199212	441822	英德县
mca	199212	441823	阳山县
mca	199212	441824	连县
mca	199212	441825	连山壮族瑶族自治县
mca	199212	441826	连南瑶族自治县
mca	199212	441827	清新县
mca	199212	441900	东莞市
mca	199212	442000	中山市
mca	199212	445100	潮州市
mca	199212	445102	湘桥区
mca	199212	445121	潮安县
mca	199212	445122	饶平县
mca	199212	445200	揭阳市
mca	199212	445202	榕城区
mca	199212	445221	揭东县
mca	199212	445222	揭西县
mca	199212	445223	普宁县
mca	199212	445224	惠来县
mca	199212	449001	顺德市
mca	199212	449002	台山市
mca	199212	449003	番禺市
mca	199212	449004	南海市
mca	199212	449005	云浮市
mca	199212	449006	新会市
mca	199212	450000	广西壮族自治区
mca	199212	450100	南宁市
mca	199212	450102	兴宁区
mca	199212	450103	新城区
mca	199212	450104	城北区
mca	199212	450105	江南区
mca	199212	450106	永新区
mca	199212	450107	市郊区
mca	199212	450121	邕宁县
mca	199212	450122	武鸣县
mca	199212	450200	柳州市
mca	199212	450202	城中区
mca	199212	450203	鱼峰区
mca	199212	450204	柳南区
mca	199212	450205	柳北区
mca	199212	450206	市郊区
mca	199212	450221	柳江县
mca	199212	450222	柳城县
mca	199212	450300	桂林市
mca	199212	450302	秀峰区
mca	199212	450303	叠彩区
mca	199212	450304	象山区
mca	199212	450305	七星区
mca	199212	450306	市郊区
mca	199212	450321	阳朔县
mca	199212	450322	临桂县
mca	199212	450400	梧州市
mca	199212	450403	万秀区
mca	199212	450404	蝶山区
mca	199212	450405	市郊区
mca	199212	450421	苍梧县
mca	199212	450500	北海市
mca	199212	450502	海城区
mca	199212	450503	市郊区
mca	199212	450521	合浦县
mca	199212	452100	南宁地区
mca	199212	452101	凭祥市
mca	199212	452122	横县
mca	199212	452123	宾阳县
mca	199212	452124	上林县
mca	199212	452126	隆安县
mca	199212	452127	马山县
mca	199212	452128	扶绥县
mca	199212	452129	崇左县
mca	199212	452130	大新县
mca	199212	452131	天等县
mca	199212	452132	宁明县
mca	199212	452133	龙州县
mca	199212	452200	柳州地区
mca	199212	452201	合山市
mca	199212	452223	鹿寨县
mca	199212	452224	象州县
mca	199212	452225	武宣县
mca	199212	452226	来宾县
mca	199212	452227	融安县
mca	199212	452228	三江侗族自治县
mca	199212	452229	融水苗族自治县
mca	199212	452230	金秀瑶族自治县
mca	199212	452231	忻城县
mca	199212	452300	桂林地区
mca	199212	452322	灵川县
mca	199212	452323	全州县
mca	199212	452324	兴安县
mca	199212	452325	永福县
mca	199212	452327	灌阳县
mca	199212	452328	龙胜各族自治县
mca	199212	452329	资源县
mca	199212	452330	平乐县
mca	199212	452331	荔浦县
mca	199212	452332	恭城瑶族自治县
mca	199212	452400	梧州地区
mca	199212	452421	岑溪县
mca	199212	452423	藤县
mca	199212	452424	昭平县
mca	199212	452425	蒙山县
mca	199212	452426	贺县
mca	199212	452427	钟山县
mca	199212	452428	富川瑶族自治县
mca	199212	452500	玉林地区
mca	199212	452501	玉林市
mca	199212	452502	贵港市
mca	199212	452523	桂平县
mca	199212	452524	平南县
mca	199212	452525	容县
mca	199212	452526	北流县
mca	199212	452527	陆川县
mca	199212	452528	博白县
mca	199212	452600	百色地区
mca	199212	452601	百色市
mca	199212	452622	田阳县
mca	199212	452623	田东县
mca	199212	452624	平果县
mca	199212	452625	德保县
mca	199212	452626	靖西县
mca	199212	452627	那坡县
mca	199212	452628	凌云县
mca	199212	452629	乐业县
mca	199212	452630	田林县
mca	199212	452631	隆林各族自治县
mca	199212	452632	西林县
mca	199212	452700	河池地区
mca	199212	452701	河池市
mca	199212	452722	宜山县
mca	199212	452723	罗城仫佬族自治县
mca	199212	452724	环江毛南族自治县
mca	199212	452725	南丹县
mca	199212	452726	天峨县
mca	199212	452727	凤山县
mca	199212	452728	东兰县
mca	199212	452729	巴马瑶族自治县
mca	199212	452730	都安瑶族自治县
mca	199212	452731	大化瑶族自治县
mca	199212	452800	钦州地区
mca	199212	452802	钦州市
mca	199212	452821	上思县
mca	199212	452822	防城各族自治县
mca	199212	452824	灵山县
mca	199212	452826	浦北县
mca	199212	460000	海南省
mca	199212	460100	海口市
mca	199212	460102	振东区
mca	199212	460103	新华区
mca	199212	460104	秀英区
mca	199212	460200	三亚市
mca	199212	460001	通什市
mca	199212	460002	琼海市
mca	199212	460021	琼山县
mca	199212	460022	文昌县
mca	199212	460024	万宁县
mca	199212	460025	定安县
mca	199212	460026	屯昌县
mca	199212	460027	澄迈县
mca	199212	460028	临高县
mca	199212	460029	儋县
mca	199212	460030	白沙黎族自治县
mca	199212	460031	昌江黎族自治县
mca	199212	460032	东方黎族自治县
mca	199212	460033	乐东黎族自治县
mca	199212	460034	陵水黎族自治县
mca	199212	460035	保亭黎族苗族自治县
mca	199212	460036	琼中黎族苗族自治县
mca	199212	510000	四川省
mca	199212	510100	成都市
mca	199212	510104	锦江区
mca	199212	510105	青羊区
mca	199212	510106	金牛区
mca	199212	510107	武侯区
mca	199212	510108	成华区
mca	199212	510112	龙泉驿区
mca	199212	510113	青白江区
mca	199212	510121	金堂县
mca	199212	510122	双流县
mca	199212	510123	温江县
mca	199212	510124	郫县
mca	199212	510125	新都县
mca	199212	510126	彭县
mca	199212	510128	崇庆县
mca	199212	510129	大邑县
mca	199212	510130	邛崃县
mca	199212	510131	蒲江县
mca	199212	510132	新津县
mca	199212	510200	重庆市
mca	199212	510202	市中区
mca	199212	510203	大渡口区
mca	199212	510211	江北区
mca	199212	510212	沙坪坝区
mca	199212	510213	九龙坡区
mca	199212	510214	南岸区
mca	199212	510215	北碚区
mca	199212	510216	南桐矿区
mca	199212	510217	双桥区
mca	199212	510221	长寿县
mca	199212	510222	巴县
mca	199212	510223	綦江县
mca	199212	510224	江北县
mca	199212	510227	潼南县
mca	199212	510228	铜梁县
mca	199212	510230	大足县
mca	199212	510231	荣昌县
mca	199212	510232	璧山县
mca	199212	510300	自贡市
mca	199212	510302	自流井区
mca	199212	510303	贡井区
mca	199212	510304	大安区
mca	199212	510311	沿滩区
mca	199212	510321	荣县
mca	199212	510322	富顺县
mca	199212	510400	攀枝花市
mca	199212	510402	东区
mca	199212	510403	西区
mca	199212	510411	仁和区
mca	199212	510421	米易县
mca	199212	510422	盐边县
mca	199212	510500	泸州市
mca	199212	510502	市中区
mca	199212	510521	泸县
mca	199212	510522	合江县
mca	199212	510523	纳溪县
mca	199212	510524	叙永县
mca	199212	510525	古蔺县
mca	199212	510600	德阳市
mca	199212	510602	市中区
mca	199212	510622	绵竹县
mca	199212	510623	中江县
mca	199212	510625	什邡县
mca	199212	510700	绵阳市
mca	199212	510703	涪城区
mca	199212	510704	游仙区
mca	199212	510722	三台县
mca	199212	510723	盐亭县
mca	199212	510724	安县
mca	199212	510725	梓潼县
mca	199212	510726	北川县
mca	199212	510727	平武县
mca	199212	510800	广元市
mca	199212	510802	市中区
mca	199212	510811	元坝区
mca	199212	510812	朝天区
mca	199212	510821	旺苍县
mca	199212	510822	青川县
mca	199212	510823	剑阁县
mca	199212	510824	苍溪县
mca	199212	510900	遂宁市
mca	199212	510902	市中区
mca	199212	510921	蓬溪县
mca	199212	510922	射洪县
mca	199212	511000	内江市
mca	199212	511002	市中区
mca	199212	511011	东兴区
mca	199212	511022	乐至县
mca	199212	511023	安岳县
mca	199212	511024	威远县
mca	199212	511025	资中县
mca	199212	511026	资阳县
mca	199212	511027	简阳县
mca	199212	511028	隆昌县
mca	199212	511100	乐山市
mca	199212	511102	市中区
mca	199212	511111	沙湾区
mca	199212	511112	五通桥区
mca	199212	511113	金口河区
mca	199212	511121	仁寿县
mca	199212	511122	眉山县
mca	199212	511123	犍为县
mca	199212	511124	井研县
mca	199212	511126	夹江县
mca	199212	511127	洪雅县
mca	199212	511128	彭山县
mca	199212	511129	沐川县
mca	199212	511130	青神县
mca	199212	511131	丹棱县
mca	199212	511132	峨边彝族自治县
mca	199212	511133	马边彝族自治县
mca	199212	511200	万县市
mca	199212	511202	龙宝区
mca	199212	511203	天城区
mca	199212	511204	五桥区
mca	199212	511221	开县
mca	199212	511222	忠县
mca	199212	511223	梁平县
mca	199212	511224	云阳县
mca	199212	511225	奉节县
mca	199212	511226	巫山县
mca	199212	511227	巫溪县
mca	199212	511228	城口县
mca	199212	512300	涪陵地区
mca	199212	512301	涪陵市
mca	199212	512322	垫江县
mca	199212	512323	南川县
mca	199212	512324	丰都县
mca	199212	512326	武隆县
mca	199212	512500	宜宾地区
mca	199212	512501	宜宾市
mca	199212	512527	宜宾县
mca	199212	512528	南溪县
mca	199212	512529	江安县
mca	199212	512530	长宁县
mca	199212	512531	高县
mca	199212	512532	筠连县
mca	199212	512533	珙县
mca	199212	512534	兴文县
mca	199212	512535	屏山县
mca	199212	512900	南充地区
mca	199212	512901	南充市
mca	199212	512902	华蓥市
mca	199212	512903	阆中市
mca	199212	512921	南充县
mca	199212	512922	南部县
mca	199212	512923	岳池县
mca	199212	512924	营山县
mca	199212	512925	广安县
mca	199212	512926	蓬安县
mca	199212	512927	仪陇县
mca	199212	512928	武胜县
mca	199212	512929	西充县
mca	199212	513000	达县地区
mca	199212	513001	达县市
mca	199212	513021	达县
mca	199212	513022	宣汉县
mca	199212	513023	开江县
mca	199212	513024	万源县
mca	199212	513025	通江县
mca	199212	513026	南江县
mca	199212	513027	巴中县
mca	199212	513028	平昌县
mca	199212	513029	大竹县
mca	199212	513030	渠县
mca	199212	513031	邻水县
mca	199212	513032	白沙工农区
mca	199212	513100	雅安地区
mca	199212	513101	雅安市
mca	199212	513122	名山县
mca	199212	513123	荥经县
mca	199212	513124	汉源县
mca	199212	513125	石棉县
mca	199212	513126	天全县
mca	199212	513127	芦山县
mca	199212	513128	宝兴县
mca	199212	513200	阿坝藏族羌族自治州
mca	199212	513221	汶川县
mca	199212	513222	理县
mca	199212	513223	茂县
mca	199212	513224	松潘县
mca	199212	513225	南坪县
mca	199212	513226	金川县
mca	199212	513227	小金县
mca	199212	513228	黑水县
mca	199212	513229	马尔康县
mca	199212	513230	壤塘县
mca	199212	513231	阿坝县
mca	199212	513232	若尔盖县
mca	199212	513233	红原县
mca	199212	513300	甘孜藏族自治州
mca	199212	513321	康定县
mca	199212	513322	泸定县
mca	199212	513323	丹巴县
mca	199212	513324	九龙县
mca	199212	513325	雅江县
mca	199212	513326	道孚县
mca	199212	513327	炉霍县
mca	199212	513328	甘孜县
mca	199212	513329	新龙县
mca	199212	513330	德格县
mca	199212	513331	白玉县
mca	199212	513332	石渠县
mca	199212	513333	色达县
mca	199212	513334	理塘县
mca	199212	513335	巴塘县
mca	199212	513336	乡城县
mca	199212	513337	稻城县
mca	199212	513338	得荣县
mca	199212	513400	凉山彝族自治州
mca	199212	513401	西昌市
mca	199212	513422	木里藏族自治县
mca	199212	513423	盐源县
mca	199212	513424	德昌县
mca	199212	513425	会理县
mca	199212	513426	会东县
mca	199212	513427	宁南县
mca	199212	513428	普格县
mca	199212	513429	布拖县
mca	199212	513430	金阳县
mca	199212	513431	昭觉县
mca	199212	513432	喜德县
mca	199212	513433	冕宁县
mca	199212	513434	越西县
mca	199212	513435	甘洛县
mca	199212	513436	美姑县
mca	199212	513437	雷波县
mca	199212	513500	黔江地区
mca	199212	513521	石柱土家族自治县
mca	199212	513522	秀山土家族苗族自治县
mca	199212	513523	黔江土家族苗族自治县
mca	199212	513524	酉阳土家族苗族自治县
mca	199212	513525	彭水苗族土家族自治县
mca	199212	519001	广汉市
mca	199212	519002	江油市
mca	199212	519003	都江堰市
mca	199212	519004	峨眉山市
mca	199212	519005	永川市
mca	199212	519006	合川市
mca	199212	519007	江津市
mca	199212	520000	贵州省
mca	199212	520100	贵阳市
mca	199212	520102	南明区
mca	199212	520103	云岩区
mca	199212	520111	花溪区
mca	199212	520112	乌当区
mca	199212	520113	白云区
mca	199212	520200	六盘水市
mca	199212	520201	钟山区
mca	199212	520202	盘县特区
mca	199212	520203	六枝特区
mca	199212	520221	水城县
mca	199212	522100	遵义地区
mca	199212	522101	遵义市
mca	199212	522102	赤水市
mca	199212	522121	遵义县
mca	199212	522122	桐梓县
mca	199212	522123	绥阳县
mca	199212	522124	正安县
mca	199212	522125	道真仡佬族苗族自治县
mca	199212	522126	务川仡佬族苗族自治县
mca	199212	522127	凤冈县
mca	199212	522128	湄潭县
mca	199212	522129	余庆县
mca	199212	522130	仁怀县
mca	199212	522132	习水县
mca	199212	522200	铜仁地区
mca	199212	522201	铜仁市
mca	199212	522222	江口县
mca	199212	522223	玉屏侗族自治县
mca	199212	522224	石阡县
mca	199212	522225	思南县
mca	199212	522226	印江土家族苗族自治县
mca	199212	522227	德江县
mca	199212	522228	沿河土家族自治县
mca	199212	522229	松桃苗族自治县
mca	199212	522230	万山特区
mca	199212	522300	黔西南布依族苗族自治州
mca	199212	522301	兴义市
mca	199212	522322	兴仁县
mca	199212	522323	普安县
mca	199212	522324	晴隆县
mca	199212	522325	贞丰县
mca	199212	522326	望谟县
mca	199212	522327	册亨县
mca	199212	522328	安龙县
mca	199212	522400	毕节地区
mca	199212	522421	毕节县
mca	199212	522422	大方县
mca	199212	522423	黔西县
mca	199212	522424	金沙县
mca	199212	522425	织金县
mca	199212	522426	纳雍县
mca	199212	522427	威宁彝族回族苗族自治县
mca	199212	522428	赫章县
mca	199212	522500	安顺地区
mca	199212	522501	安顺市
mca	199212	522502	清镇市
mca	199212	522522	开阳县
mca	199212	522523	息烽县
mca	199212	522524	修文县
mca	199212	522526	平坝县
mca	199212	522527	普定县
mca	199212	522528	关岭布依族苗族自治县
mca	199212	522529	镇宁布依族苗族自治县
mca	199212	522530	紫云苗族布依族自治县
mca	199212	522600	黔东南苗族侗族自治州
mca	199212	522601	凯里市
mca	199212	522622	黄平县
mca	199212	522623	施秉县
mca	199212	522624	三穗县
mca	199212	522625	镇远县
mca	199212	522626	岑巩县
mca	199212	522627	天柱县
mca	199212	522628	锦屏县
mca	199212	522629	剑河县
mca	199212	522630	台江县
mca	199212	522631	黎平县
mca	199212	522632	榕江县
mca	199212	522633	从江县
mca	199212	522634	雷山县
mca	199212	522635	麻江县
mca	199212	522636	丹寨县
mca	199212	522700	黔南布依族苗族自治州
mca	199212	522701	都匀市
mca	199212	522722	荔波县
mca	199212	522723	贵定县
mca	199212	522724	福泉县
mca	199212	522725	瓮安县
mca	199212	522726	独山县
mca	199212	522727	平塘县
mca	199212	522728	罗甸县
mca	199212	522729	长顺县
mca	199212	522730	龙里县
mca	199212	522731	惠水县
mca	199212	522732	三都水族自治县
mca	199212	530000	云南省
mca	199212	530100	昆明市
mca	199212	530102	五华区
mca	199212	530103	盘龙区
mca	199212	530111	官渡区
mca	199212	530112	西山区
mca	199212	530121	呈贡县
mca	199212	530122	晋宁县
mca	199212	530123	安宁县
mca	199212	530124	富民县
mca	199212	530125	宜良县
mca	199212	530126	路南彝族自治县
mca	199212	530127	嵩明县
mca	199212	530128	禄劝彝族苗族自治县
mca	199212	530200	东川市
mca	199212	532100	昭通地区
mca	199212	532101	昭通市
mca	199212	532122	鲁甸县
mca	199212	532123	巧家县
mca	199212	532124	盐津县
mca	199212	532125	大关县
mca	199212	532126	永善县
mca	199212	532127	绥江县
mca	199212	532128	镇雄县
mca	199212	532129	彝良县
mca	199212	532130	威信县
mca	199212	532131	水富县
mca	199212	532200	曲靖地区
mca	199212	532201	曲靖市
mca	199212	532223	马龙县
mca	199212	532224	宣威县
mca	199212	532225	富源县
mca	199212	532226	罗平县
mca	199212	532227	师宗县
mca	199212	532228	陆良县
mca	199212	532231	寻甸回族彝族自治县
mca	199212	532233	会泽县
mca	199212	532300	楚雄彝族自治州
mca	199212	532301	楚雄市
mca	199212	532322	双柏县
mca	199212	532323	牟定县
mca	199212	532324	南华县
mca	199212	532325	姚安县
mca	199212	532326	大姚县
mca	199212	532327	永仁县
mca	199212	532328	元谋县
mca	199212	532329	武定县
mca	199212	532331	禄丰县
mca	199212	532400	玉溪地区
mca	199212	532401	玉溪市
mca	199212	532422	江川县
mca	199212	532423	澄江县
mca	199212	532424	通海县
mca	199212	532425	华宁县
mca	199212	532426	易门县
mca	199212	532427	峨山彝族自治县
mca	199212	532428	新平彝族傣族自治县
mca	199212	532429	元江哈尼族彝族傣族自治县
mca	199212	532500	红河哈尼族彝族自治州
mca	199212	532501	个旧市
mca	199212	532502	开远市
mca	199212	532522	蒙自县
mca	199212	532523	屏边苗族自治县
mca	199212	532524	建水县
mca	199212	532525	石屏县
mca	199212	532526	弥勒县
mca	199212	532527	泸西县
mca	199212	532528	元阳县
mca	199212	532529	红河县
mca	199212	532530	金平苗族瑶族傣族自治县
mca	199212	532531	绿春县
mca	199212	532532	河口瑶族自治县
mca	199212	532600	文山壮族苗族自治州
mca	199212	532621	文山县
mca	199212	532622	砚山县
mca	199212	532623	西畴县
mca	199212	532624	麻栗坡县
mca	199212	532625	马关县
mca	199212	532626	丘北县
mca	199212	532627	广南县
mca	199212	532628	富宁县
mca	199212	532700	思茅地区
mca	199212	532721	思茅县
mca	199212	532722	普洱哈尼族彝族自治县
mca	199212	532723	墨江哈尼族自治县
mca	199212	532724	景东彝族自治县
mca	199212	532725	景谷傣族彝族自治县
mca	199212	532726	镇沅彝族哈尼族拉祜族自治县
mca	199212	532727	江城哈尼族彝族自治县
mca	199212	532728	孟连傣族拉祜族佤族自治县
mca	199212	532729	澜沧拉祜族自治县
mca	199212	532730	西盟佤族自治县
mca	199212	532800	西双版纳傣族自治州
mca	199212	532821	景洪县
mca	199212	532822	勐海县
mca	199212	532823	勐腊县
mca	199212	532900	大理白族自治州
mca	199212	532901	大理市
mca	199212	532922	漾濞彝族自治县
mca	199212	532923	祥云县
mca	199212	532924	宾川县
mca	199212	532925	弥渡县
mca	199212	532926	南涧彝族自治县
mca	199212	532927	巍山彝族回族自治县
mca	199212	532928	永平县
mca	199212	532929	云龙县
mca	199212	532930	洱源县
mca	199212	532931	剑川县
mca	199212	532932	鹤庆县
mca	199212	533000	保山地区
mca	199212	533001	保山市
mca	199212	533022	施甸县
mca	199212	533023	腾冲县
mca	199212	533024	龙陵县
mca	199212	533025	昌宁县
mca	199212	533100	德宏傣族景颇族自治州
mca	199212	533101	畹町市
mca	199212	533102	瑞丽市
mca	199212	533121	潞西县
mca	199212	533122	梁河县
mca	199212	533123	盈江县
mca	199212	533124	陇川县
mca	199212	533200	丽江地区
mca	199212	533221	丽江纳西族自治县
mca	199212	533222	永胜县
mca	199212	533223	华坪县
mca	199212	533224	宁蒗彝族自治县
mca	199212	533300	怒江傈僳族自治州
mca	199212	533321	泸水县
mca	199212	533323	福贡县
mca	199212	533324	贡山独龙族怒族自治县
mca	199212	533325	兰坪白族普米族自治县
mca	199212	533400	迪庆藏族自治州
mca	199212	533421	中甸县
mca	199212	533422	德钦县
mca	199212	533423	维西傈僳族自治县
mca	199212	533500	临沧地区
mca	199212	533521	临沧县
mca	199212	533522	凤庆县
mca	199212	533523	云县
mca	199212	533524	永德县
mca	199212	533525	镇康县
mca	199212	533526	双江拉祜族佤族布朗族傣族自治县
mca	199212	533527	耿马傣族佤族自治县
mca	199212	533528	沧源佤族自治县
mca	199212	540000	西藏自治区
mca	199212	540100	拉萨市
mca	199212	540102	城关区
mca	199212	540121	林周县
mca	199212	540122	当雄县
mca	199212	540123	尼木县
mca	199212	540124	曲水县
mca	199212	540125	堆龙德庆县
mca	199212	540126	达孜县
mca	199212	540127	墨竹工卡县
mca	199212	542100	昌都地区
mca	199212	542121	昌都县
mca	199212	542122	江达县
mca	199212	542123	贡觉县
mca	199212	542124	类乌齐县
mca	199212	542125	丁青县
mca	199212	542126	察雅县
mca	199212	542127	八宿县
mca	199212	542128	左贡县
mca	199212	542129	芒康县
mca	199212	542132	洛隆县
mca	199212	542133	边坝县
mca	199212	542134	盐井县
mca	199212	542135	碧土县
mca	199212	542136	妥坝县
mca	199212	542137	生达县
mca	199212	542200	山南地区
mca	199212	542221	乃东县
mca	199212	542222	扎囊县
mca	199212	542223	贡嘎县
mca	199212	542224	桑日县
mca	199212	542225	琼结县
mca	199212	542226	曲松县
mca	199212	542227	措美县
mca	199212	542228	洛扎县
mca	199212	542229	加查县
mca	199212	542231	隆子县
mca	199212	542232	错那县
mca	199212	542233	浪卡子县
mca	199212	542300	日喀则地区
mca	199212	542301	日喀则市
mca	199212	542322	南木林县
mca	199212	542323	江孜县
mca	199212	542324	定日县
mca	199212	542325	萨迦县
mca	199212	542326	拉孜县
mca	199212	542327	昂仁县
mca	199212	542328	谢通门县
mca	199212	542329	白朗县
mca	199212	542330	仁布县
mca	199212	542331	康马县
mca	199212	542332	定结县
mca	199212	542333	仲巴县
mca	199212	542334	亚东县
mca	199212	542335	吉隆县
mca	199212	542336	聂拉木县
mca	199212	542337	萨嘎县
mca	199212	542338	岗巴县
mca	199212	542400	那曲地区
mca	199212	542421	那曲县
mca	199212	542422	嘉黎县
mca	199212	542423	比如县
mca	199212	542424	聂荣县
mca	199212	542425	安多县
mca	199212	542426	申扎县
mca	199212	542427	索县
mca	199212	542428	班戈县
mca	199212	542429	巴青县
mca	199212	542430	尼玛县
mca	199212	542500	阿里地区
mca	199212	542521	普兰县
mca	199212	542522	札达县
mca	199212	542523	噶尔县
mca	199212	542524	日土县
mca	199212	542525	革吉县
mca	199212	542526	改则县
mca	199212	542527	措勤县
mca	199212	542528	隆格尔县
mca	199212	542600	林芝地区
mca	199212	542621	林芝县
mca	199212	542622	工布江达县
mca	199212	542623	米林县
mca	199212	542624	墨脱县
mca	199212	542625	波密县
mca	199212	542626	察隅县
mca	199212	542627	朗县
mca	199212	610000	陕西省
mca	199212	610100	西安市
mca	199212	610102	新城区
mca	199212	610103	碑林区
mca	199212	610104	莲湖区
mca	199212	610111	灞桥区
mca	199212	610112	未央区
mca	199212	610113	雁塔区
mca	199212	610114	阎良区
mca	199212	610121	长安县
mca	199212	610122	蓝田县
mca	199212	610123	临潼县
mca	199212	610124	周至县
mca	199212	610125	户县
mca	199212	610126	高陵县
mca	199212	610200	铜川市
mca	199212	610202	城区
mca	199212	610203	郊区
mca	199212	610221	耀县
mca	199212	610222	宜君县
mca	199212	610300	宝鸡市
mca	199212	610302	渭滨区
mca	199212	610303	金台区
mca	199212	610321	宝鸡县
mca	199212	610322	凤翔县
mca	199212	610323	岐山县
mca	199212	610324	扶风县
mca	199212	610326	眉县
mca	199212	610327	陇县
mca	199212	610328	千阳县
mca	199212	610329	麟游县
mca	199212	610330	凤县
mca	199212	610331	太白县
mca	199212	610400	咸阳市
mca	199212	610402	秦都区
mca	199212	610403	杨陵区
mca	199212	610404	渭城区
mca	199212	610421	兴平县
mca	199212	610422	三原县
mca	199212	610423	泾阳县
mca	199212	610424	乾县
mca	199212	610425	礼泉县
mca	199212	610426	永寿县
mca	199212	610427	彬县
mca	199212	610428	长武县
mca	199212	610429	旬邑县
mca	199212	610430	淳化县
mca	199212	610431	武功县
mca	199212	612100	渭南地区
mca	199212	612101	渭南市
mca	199212	612102	韩城市
mca	199212	612103	华阴市
mca	199212	612124	华县
mca	199212	612126	潼关县
mca	199212	612127	大荔县
mca	199212	612128	蒲城县
mca	199212	612129	澄城县
mca	199212	612130	白水县
mca	199212	612132	合阳县
mca	199212	612133	富平县
mca	199212	612300	汉中地区
mca	199212	612301	汉中市
mca	199212	612321	南郑县
mca	199212	612322	城固县
mca	199212	612323	洋县
mca	199212	612324	西乡县
mca	199212	612325	勉县
mca	199212	612326	宁强县
mca	199212	612327	略阳县
mca	199212	612328	镇巴县
mca	199212	612329	留坝县
mca	199212	612330	佛坪县
mca	199212	612400	安康地区
mca	199212	612401	安康市
mca	199212	612422	汉阴县
mca	199212	612423	石泉县
mca	199212	612424	宁陕县
mca	199212	612425	紫阳县
mca	199212	612426	岚皋县
mca	199212	612427	平利县
mca	199212	612428	镇坪县
mca	199212	612429	旬阳县
mca	199212	612430	白河县
mca	199212	612500	商洛地区
mca	199212	612501	商州市
mca	199212	612522	洛南县
mca	199212	612523	丹凤县
mca	199212	612524	商南县
mca	199212	612525	山阳县
mca	199212	612526	镇安县
mca	199212	612527	柞水县
mca	199212	612600	延安地区
mca	199212	612601	延安市
mca	199212	612621	延长县
mca	199212	612622	延川县
mca	199212	612623	子长县
mca	199212	612624	安塞县
mca	199212	612625	志丹县
mca	199212	612626	吴旗县
mca	199212	612627	甘泉县
mca	199212	612628	富县
mca	199212	612629	洛川县
mca	199212	612630	宜川县
mca	199212	612631	黄龙县
mca	199212	612632	黄陵县
mca	199212	612700	榆林地区
mca	199212	612701	榆林市
mca	199212	612722	神木县
mca	199212	612723	府谷县
mca	199212	612724	横山县
mca	199212	612725	靖边县
mca	199212	612726	定边县
mca	199212	612727	绥德县
mca	199212	612728	米脂县
mca	199212	612729	佳县
mca	199212	612730	吴堡县
mca	199212	612731	清涧县
mca	199212	612732	子洲县
mca	199212	620000	甘肃省
mca	199212	620100	兰州市
mca	199212	620102	城关区
mca	199212	620103	七里河区
mca	199212	620104	西固区
mca	199212	620105	安宁区
mca	199212	620111	红古区
mca	199212	620121	永登县
mca	199212	620122	皋兰县
mca	199212	620123	榆中县
mca	199212	620200	嘉峪关市
mca	199212	620300	金昌市
mca	199212	620302	金川区
mca	199212	620321	永昌县
mca	199212	620400	白银市
mca	199212	620402	白银区
mca	199212	620403	平川区
mca	199212	620421	靖远县
mca	199212	620422	会宁县
mca	199212	620423	景泰县
mca	199212	620500	天水市
mca	199212	620502	秦城区
mca	199212	620503	北道区
mca	199212	620521	清水县
mca	199212	620522	秦安县
mca	199212	620523	甘谷县
mca	199212	620524	武山县
mca	199212	620525	张家川回族自治县
mca	199212	622100	酒泉地区
mca	199212	622101	玉门市
mca	199212	622102	酒泉市
mca	199212	622103	敦煌市
mca	199212	622123	金塔县
mca	199212	622124	肃北蒙古族自治县
mca	199212	622125	阿克塞哈萨克族自治县
mca	199212	622126	安西县
mca	199212	622200	张掖地区
mca	199212	622201	张掖市
mca	199212	622222	肃南裕固族自治县
mca	199212	622223	民乐县
mca	199212	622224	临泽县
mca	199212	622225	高台县
mca	199212	622226	山丹县
mca	199212	622300	武威地区
mca	199212	622301	武威市
mca	199212	622322	民勤县
mca	199212	622323	古浪县
mca	199212	622326	天祝藏族自治县
mca	199212	622400	定西地区
mca	199212	622421	定西县
mca	199212	622424	通渭县
mca	199212	622425	陇西县
mca	199212	622426	渭源县
mca	199212	622427	临洮县
mca	199212	622428	漳县
mca	199212	622429	岷县
mca	199212	622600	陇南地区
mca	199212	622621	武都县
mca	199212	622623	宕昌县
mca	199212	622624	成县
mca	199212	622625	康县
mca	199212	622626	文县
mca	199212	622627	西和县
mca	199212	622628	礼县
mca	199212	622629	两当县
mca	199212	622630	徽县
mca	199212	622700	平凉地区
mca	199212	622701	平凉市
mca	199212	622722	泾川县
mca	199212	622723	灵台县
mca	199212	622724	崇信县
mca	199212	622725	华亭县
mca	199212	622726	庄浪县
mca	199212	622727	静宁县
mca	199212	622800	庆阳地区
mca	199212	622801	西峰市
mca	199212	622821	庆阳县
mca	199212	622822	环县
mca	199212	622823	华池县
mca	199212	622824	合水县
mca	199212	622825	正宁县
mca	199212	622826	宁县
mca	199212	622827	镇原县
mca	199212	622900	临夏回族自治州
mca	199212	622901	临夏市
mca	199212	622921	临夏县
mca	199212	622922	康乐县
mca	199212	622923	永靖县
mca	199212	622924	广河县
mca	199212	622925	和政县
mca	199212	622926	东乡族自治县
mca	199212	622927	积石山保安族东乡族撒拉族自治县
mca	199212	623000	甘南藏族自治州
mca	199212	623021	临潭县
mca	199212	623022	卓尼县
mca	199212	623023	舟曲县
mca	199212	623024	迭部县
mca	199212	623025	玛曲县
mca	199212	623026	碌曲县
mca	199212	623027	夏河县
mca	199212	630000	青海省
mca	199212	630100	西宁市
mca	199212	630102	城东区
mca	199212	630103	城中区
mca	199212	630104	城西区
mca	199212	630105	城北区
mca	199212	630121	大通回族土族自治县
mca	199212	632100	海东地区
mca	199212	632121	平安县
mca	199212	632122	民和回族土族自治县
mca	199212	632123	乐都县
mca	199212	632124	湟中县
mca	199212	632125	湟源县
mca	199212	632126	互助土族自治县
mca	199212	632127	化隆回族自治县
mca	199212	632128	循化撒拉族自治县
mca	199212	632200	海北藏族自治州
mca	199212	632221	门源回族自治县
mca	199212	632222	祁连县
mca	199212	632223	海晏县
mca	199212	632224	刚察县
mca	199212	632300	黄南藏族自治州
mca	199212	632321	同仁县
mca	199212	632322	尖扎县
mca	199212	632323	泽库县
mca	199212	632324	河南蒙古族自治县
mca	199212	632500	海南藏族自治州
mca	199212	632521	共和县
mca	199212	632522	同德县
mca	199212	632523	贵德县
mca	199212	632524	兴海县
mca	199212	632525	贵南县
mca	199212	632600	果洛藏族自治州
mca	199212	632621	玛沁县
mca	199212	632622	班玛县
mca	199212	632623	甘德县
mca	199212	632624	达日县
mca	199212	632625	久治县
mca	199212	632626	玛多县
mca	199212	632700	玉树藏族自治州
mca	199212	632721	玉树县
mca	199212	632722	杂多县
mca	199212	632723	称多县
mca	199212	632724	治多县
mca	199212	632725	囊谦县
mca	199212	632726	曲麻莱县
mca	199212	632800	海西蒙古族藏族自治州
mca	199212	632801	格尔木市
mca	199212	632802	德令哈市
mca	199212	632821	乌兰县
mca	199212	632822	都兰县
mca	199212	632823	天峻县
mca	199212	640000	宁夏回族自治区
mca	199212	640100	银川市
mca	199212	640102	城区
mca	199212	640103	新城区
mca	199212	640104	郊区
mca	199212	640121	永宁县
mca	199212	640122	贺兰县
mca	199212	640200	石嘴山市
mca	199212	640202	大武口区
mca	199212	640204	石炭井区
mca	199212	640205	石嘴山区
mca	199212	640221	平罗县
mca	199212	640222	陶乐县
mca	199212	640223	惠农县
mca	199212	642100	银南地区
mca	199212	642101	吴忠市
mca	199212	642102	青铜峡市
mca	199212	642123	中卫县
mca	199212	642124	中宁县
mca	199212	642125	灵武县
mca	199212	642126	盐池县
mca	199212	642127	同心县
mca	199212	642200	固原地区
mca	199212	642221	固原县
mca	199212	642222	海原县
mca	199212	642223	西吉县
mca	199212	642224	隆德县
mca	199212	642225	泾源县
mca	199212	642226	彭阳县
mca	199212	650000	新疆维吾尔自治区
mca	199212	650100	乌鲁木齐市
mca	199212	650102	天山区
mca	199212	650103	沙依巴克区
mca	199212	650104	新市区
mca	199212	650105	水磨沟区
mca	199212	650106	头屯河区
mca	199212	650107	南山矿区
mca	199212	650108	东山区
mca	199212	650121	乌鲁木齐县
mca	199212	650200	克拉玛依市
mca	199212	650202	独山子区
mca	199212	650203	克拉玛依区
mca	199212	650204	白碱滩区
mca	199212	650205	乌尔禾区
mca	199212	652100	吐鲁番地区
mca	199212	652101	吐鲁番市
mca	199212	652122	鄯善县
mca	199212	652123	托克逊县
mca	199212	652200	哈密地区
mca	199212	652201	哈密市
mca	199212	652222	巴里坤哈萨克自治县
mca	199212	652223	伊吾县
mca	199212	652300	昌吉回族自治州
mca	199212	652301	昌吉市
mca	199212	652302	阜康市
mca	199212	652322	米泉县
mca	199212	652323	呼图壁县
mca	199212	652324	玛纳斯县
mca	199212	652325	奇台县
mca	199212	652327	吉木萨尔县
mca	199212	652328	木垒哈萨克自治县
mca	199212	652700	博尔塔拉蒙古自治州
mca	199212	652701	博乐市
mca	199212	652722	精河县
mca	199212	652723	温泉县
mca	199212	652800	巴音郭楞蒙古自治州
mca	199212	652801	库尔勒市
mca	199212	652822	轮台县
mca	199212	652823	尉犁县
mca	199212	652824	若羌县
mca	199212	652825	且末县
mca	199212	652826	焉耆回族自治县
mca	199212	652827	和静县
mca	199212	652828	和硕县
mca	199212	652829	博湖县
mca	199212	652900	阿克苏地区
mca	199212	652901	阿克苏市
mca	199212	652922	温宿县
mca	199212	652923	库车县
mca	199212	652924	沙雅县
mca	199212	652925	新和县
mca	199212	652926	拜城县
mca	199212	652927	乌什县
mca	199212	652928	阿瓦提县
mca	199212	652929	柯坪县
mca	199212	653000	克孜勒苏柯尔克孜自治州
mca	199212	653001	阿图什市
mca	199212	653022	阿克陶县
mca	199212	653023	阿合奇县
mca	199212	653024	乌恰县
mca	199212	653100	喀什地区
mca	199212	653101	喀什市
mca	199212	653121	疏附县
mca	199212	653122	疏勒县
mca	199212	653123	英吉沙县
mca	199212	653124	泽普县
mca	199212	653125	莎车县
mca	199212	653126	叶城县
mca	199212	653127	麦盖提县
mca	199212	653128	岳普湖县
mca	199212	653129	伽师县
mca	199212	653130	巴楚县
mca	199212	653131	塔什库尔干塔吉克自治县
mca	199212	653200	和田地区
mca	199212	653201	和田市
mca	199212	653221	和田县
mca	199212	653222	墨玉县
mca	199212	653223	皮山县
mca	199212	653224	洛浦县
mca	199212	653225	策勒县
mca	199212	653226	于田县
mca	199212	653227	民丰县
mca	199212	654000	伊犁哈萨克自治州
mca	199212	654001	奎屯市
mca	199212	654100	伊犁地区
mca	199212	654101	伊宁市
mca	199212	654121	伊宁县
mca	199212	654122	察布查尔锡伯自治县
mca	199212	654123	霍城县
mca	199212	654124	巩留县
mca	199212	654125	新源县
mca	199212	654126	昭苏县
mca	199212	654127	特克斯县
mca	199212	654128	尼勒克县
mca	199212	654200	塔城地区
mca	199212	654201	塔城市
mca	199212	654221	额敏县
mca	199212	654222	乌苏县
mca	199212	654223	沙湾县
mca	199212	654224	托里县
mca	199212	654225	裕民县
mca	199212	654226	和布克赛尔蒙古自治县
mca	199212	654300	阿勒泰地区
mca	199212	654301	阿勒泰市
mca	199212	654321	布尔津县
mca	199212	654322	富蕴县
mca	199212	654323	福海县
mca	199212	654324	哈巴河县
mca	199212	654325	青河县
mca	199212	654326	吉木乃县
mca	199212	659001	石河子市
